dates,tcc,uas,vas,tas,tdps,rsds,rlds,tp
1993-02-01,0.249592871063448,2.47695832877487,3.06813687686976,2.30482063094712,-1.09800282321253,26.5064324238393,254.161902008519,0
1993-02-02,0.458692160246498,2.75352503338312,4.03203059087622,1.04919960966456,-1.47496837516889,38.2593232672954,256.833397139691,0
1993-02-03,0.614717425642685,3.45226802902801,3.88300349082922,5.56723870798911,1.63451125540685,44.0313334615778,264.497290875887,0
1993-02-04,0.54642721869755,4.01177668143833,3.34789433487693,7.86914574971246,2.76204731727555,39.00412929431,272.314243632767,0
1993-02-05,0.753901618906692,2.63046321662495,3.1691704742785,5.55120234092911,2.57146503686875,30.2868780198102,281.321707881332,0
1993-02-06,0.788774426686078,-0.332582494649253,-0.433586877598742,1.92492390292083,-0.362571051974671,30.2995819845524,278.785284084574,0
1993-02-07,0.920767915979963,1.04922285904609,2.6027020564545,2.62432669043534,1.28913786068174,35.5596414961837,271.583526196027,0
1993-02-08,0.545218127470717,2.81355439735871,3.48300683026544,3.50476305965651,1.05613433144787,48.3371506883547,217.850868870357,0
1993-02-09,0.163321079651287,1.45725628893076,-4.29928633907905,-0.88099099311667,-9.81208537810528,46.8593007891971,236.668131509126,0
1993-02-10,0.803339508050322,2.07078336619387,1.72384398064455,-1.22353236715295,-7.03274347070638,21.3773944961561,277.68582020229,7.46911926345058
1993-02-11,0.855797151511061,0.982120140058652,3.41966235219925,0.966470541975809,-0.990117414506983,32.9035487501323,245.960763296546,1.55285666884937
1993-02-12,0.472586882061949,0.495203923923069,-2.74211037634732,-1.62576953726136,-5.38833440167844,57.7847251616293,230.24797347718,0
1993-02-13,0.734155304491496,-1.0246932843836,2.09162215720412,-3.05399329476509,-7.06748164007873,21.0211619432951,315.797987348602,8.25827837816457
1993-02-14,0.953978078005392,1.85352466525607,5.25538803586164,5.30975347239346,3.41563338432638,55.7961422729603,254.831891551526,0
1993-02-15,0.310276395960993,2.56093245561966,3.0921156259369,3.16366013474424,0.38913489975623,68.7714811455666,215.100745491475,0
1993-02-16,0.200292192032304,0.0923897852949346,0.485528799063104,-0.99087908901984,-5.80182022403747,42.4767857755261,276.790622897135,0
1993-02-17,0.917414626510922,0.840297067353115,4.13032914666626,2.56240193431123,0.36721503030969,27.7322420611795,301.523342322042,1.10424929661754
1993-02-18,0.992251826370427,0.368510759652678,4.84568839910184,3.11935490538989,0.183162439530389,27.8956079043736,318.354834902431,0
1993-02-19,0.999248064434602,1.14601057213867,3.64886091547054,5.22068557407615,3.30862240555333,34.92297208287,282.376241979471,3.18629509426931
1993-02-20,0.661815042303522,1.57820968174987,-1.32314787373658,2.90384969579044,-0.267483473367929,70.6876179311173,238.685023025861,0
1993-02-21,0.847228185630339,0.447325369555618,1.16955132825175,0.303387100581652,-4.11367499200237,68.857108383468,249.882264636312,0
1993-02-22,0.450487038402631,1.14026376155023,0.771100402427859,1.17823357374208,-1.56766439475655,70.1950780795935,255.150295068238,0
1993-02-23,0.693339923231026,-0.195500346668906,0.931891130633328,0.891739223473375,-2.01786289977087,45.4360346164981,288.413541488743,0
1993-02-24,0.964193492603595,1.3390121390808,2.24476639174453,1.90992233375479,-0.141778139628402,42.0404509639519,289.111960062545,0
1993-02-25,0.992960604618451,0.914937936396399,0.521974786731169,1.3901743175696,-0.669239387165536,87.6063452095885,238.685023025861,0
1993-02-26,0.666223474412765,-0.73951358716221,-1.0939174293082,-0.0938957672783349,-3.71767603724314,51.8259707998031,284.404316065108,2.59076407947758
1993-02-27,0.903148147957799,-0.24921571006763,2.87721683828612,1.50288602120137,-1.78431670290168,88.4288444788274,262.963777887291,0
1993-02-28,0.663842543829309,1.19246509868627,-0.282896824196793,3.14865468690066,-0.382687414247499,78.7111130174389,280.800385951489,0
1993-03-01,0.917414626510922,1.55962363148453,3.70948966945594,4.64498288870366,1.82611187853764,28.9672687677066,319.289519610652,0
1993-03-02,0.744202532309293,1.91141082630973,3.34789433487693,5.60786774512946,2.55693823764837,79.2570083839691,248.677922279405,0
1993-03-03,0.997409382832673,1.99801591613558,2.45292426399721,3.05016644564422,-2.3036220365051,68.6416956884332,281.731967986647,0
1993-03-04,0.573722308049935,3.25982807297425,4.05110278454789,6.49249239091039,2.70185394116215,92.9149734211176,271.761800820812,0
1993-03-05,0.576641373109313,2.49034922015487,3.61028081989325,7.13515708116271,3.93938756661523,57.7042988415201,308.336565561423,0
1993-03-06,0.903486560142511,1.97021029467154,5.44230199792008,5.47642465655475,3.37284830188583,112.634792235449,266.715918477641,0
1993-03-07,0.459383985412806,3.05613725306268,1.35160533018602,5.68185618061267,-1.76670947541348,35.2354895863367,289.540487167015,7.14929995896574
1993-03-08,0.998413885516688,-1.73516386898488,-2.0398779567154,1.29126172133768,-2.84293865179063,125.526580462335,211.667664311721,0
1993-03-09,0.00306501276515482,0.812649482679723,-2.78162812483237,-2.46785779608785,-10.992810919267,127.402353557486,198.288412514941,0
1993-03-10,0.00391111775777414,-0.172864640445071,-1.05772790413887,-3.24776992449401,-12.4481202487374,126.447631409195,208.024361447866,0
1993-03-11,0.973991124693616,-1.73757942178782,0.839999865932692,-2.47597005561238,-9.51627193448168,102.829143340862,251.206785165655,0
1993-03-12,0.975446360777203,-2.91557132361885,0.125098817687028,-0.421334516999897,-5.29521403187689,32.4917426047936,303.928616398561,6.10407955470156
1993-03-13,0.97875124560162,-2.4441853317684,2.01769710084234,2.56845647593799,-0.216560435803779,41.5016025424481,312.365529605173,8.24295514883228
1993-03-14,0.990801828464966,0.026524349802792,4.36385316899832,5.57586417282068,3.47338357424255,111.643331077398,269.644259046097,4.03436595651969
1993-03-15,0.462602153811592,3.05260351750753,0.191596746698702,5.11573971461838,-0.316870079986192,98.6114400921861,277.202256290379,0
1993-03-16,0.479413999099724,3.64972601752159,4.97364617674128,6.89176243554698,2.48168509062673,129.229150985512,274.275926751857,0
1993-03-17,0.700912577221298,3.35769913083314,3.57547354965162,8.10887887783586,1.60707062982959,125.072663978358,273.822080607748,0
1993-03-18,0.279269492467381,5.64088379973877,1.50199530725682,7.66057852647273,-0.351067638860873,147.761827992437,231.387966939143,0
1993-03-19,0.0291743107453469,1.97328636236795,-1.90594982081403,4.27976743737546,-3.62260842138314,146.804627229386,243.746995624321,0
1993-03-20,0.0469278885213867,0.504856858085155,1.13982748252952,3.44086335188602,-0.934603475703165,134.238111750226,263.504934720631,0
1993-03-21,0.24137467416658,-0.874932539717318,-1.72445838309374,5.42251310114704,0.891834921151418,152.727122047472,249.774471969465,0
1993-03-22,0.000295870141175491,0.365449389490493,0.757157343934783,5.24751733459757,0.992499437817807,154.287236682869,253.458169038138,0
1993-03-23,0.140465052108291,0.803708005417388,2.39732219759962,5.40243470679252,1.99644811660899,137.564264373133,271.742405082922,0
1993-03-24,0.373637217766914,-0.150531730097685,-0.527814840016464,5.7626238165634,1.88480148247118,131.465144408359,281.191452999778,0
1993-03-25,0.586253706666561,0.731996638385843,2.04709001404996,4.95357547228995,2.26919804192629,123.006585688827,275.387701014295,0
1993-03-26,0.277447095604428,1.92700436919801,2.24955142321088,6.04385781747258,0.992499437817807,171.664097005116,231.465308973202,0
1993-03-27,0.0568583427838319,0.0521005738896118,-1.8025405449731,3.73768047011669,-5.05709330401723,173.669941886155,216.047566854683,0
1993-03-28,0.0152035120955693,0.320043235385836,-0.711383803971198,1.06189211208962,-8.07628930467017,168.668983824213,232.119066411786,0
1993-03-29,0.518601655020698,0.561566267896839,0.151406793835064,2.8475290588858,-5.03187032299487,127.023519551069,272.922266862687,0
1993-03-30,0.897629315638268,2.35607308183668,0.86678420474929,6.91970985747165,1.57923480501734,140.297826880621,267.261738194399,0
1993-03-31,0.859138170072778,0.853844224897613,0.674075478183628,6.63531857448758,1.24880938153583,172.923410251906,261.48401007333,0
1993-04-01,0.561587708056777,0.308835750815854,-0.785538658478851,6.89176243554698,1.24880938153583,130.52044902618,290.90614223758,0
1993-04-02,0.827851015643801,0.390088689949013,2.05644771421244,7.66624064908255,3.70716161540016,138.029644699575,300.126322191047,0
1993-04-03,0.973991124693616,1.75490155591388,2.86920043173044,9.19798832115677,5.51446046274827,161.133555736466,283.806882766815,0
1993-04-04,0.395202863947952,1.80128257169193,-1.04654954869454,9.19538522968585,2.7129989555396,157.554991017907,271.816562144096,0
1993-04-05,0.420612928204445,1.49868915827367,1.40814294750825,7.6095328059129,2.28385435621036,192.043311197658,260.174909930999,0
1993-04-06,0.219588536323318,2.12397177639081,2.43901011319271,8.80232631819334,2.64143798825599,67.7800520002078,317.291078473274,3.13128886636766
1993-04-07,0.838562264632507,1.44424860215348,3.26293483631634,7.40547002347148,5.06899565790024,128.394135153419,293.725504166014,0
1993-04-08,0.645086374425456,-0.703998306602729,-0.00588910969944181,7.00865524908908,3.12419130013995,164.42306386368,276.382061470818,0
1993-04-09,0.832793993915602,-3.01959154689885,0.0593630382277346,8.28728214999675,2.26776584261582,132.872559594728,289.969644977849,0
1993-04-10,0.981430863289384,-2.69090852905313,0.113196536680918,7.23590548400524,0.79972765607293,180.775009763591,266.918665093258,0
1993-04-11,0.952557733864581,-1.42700530204794,1.04835080987621,6.78381350159653,0.0020004820860897,192.774174542015,271.718399725125,0
1993-04-12,0.919820695436497,0.00468790122374928,4.76657419356062,6.78912352039622,-0.388702779726816,48.3478746469384,320.629437703949,12.1413946314997
1993-04-13,0.928716225456067,0.432582677811883,6.49319837562788,7.41368975114135,4.01452007540932,188.662939828011,279.64565257813,0
1993-04-14,0.923621622739429,1.88952618954551,3.50557268704101,7.46914850635995,2.82061885933572,145.059095818866,282.150845866833,1.80305440765006
1993-04-15,0.54030352499549,0.812649482679723,2.22586299809343,6.16100717012181,2.56494276207845,204.70746246089,256.970792559564,0
1993-04-16,0.336589565024535,1.34622604822757,3.21743489201447,6.40729623126644,1.82358565536994,211.07371102941,261.831175743283,0
1993-04-17,0.959698968953361,-1.60966631025923,-0.651980717882624,7.72581767751483,0.607784631511283,52.6961711958378,321.721867349649,17.419498428221
1993-04-18,0.999905080716431,-3.93744364317404,-3.74324137873286,6.73177618316866,3.72132000286769,43.1147198960509,333.459421099388,15.3451360110413
1993-04-19,0.988386214178607,-0.429866961479141,0.0394247671994459,6.82927663105429,5.02810197591431,74.7219526693303,325.505109503349,0
1993-04-20,0.960414170269038,-0.186209981829828,-1.52995958749228,8.074968490962,3.91937557068893,135.214178620668,297.408289738552,0
1993-04-21,0.488721506746496,1.86265833836605,1.21732228839408,8.54732318856626,3.37969576406538,226.696696223446,261.38710612575,0
1993-04-22,0.439757352010507,0.266608697029181,0.419743119597427,8.32478178899236,2.61783946734318,159.621115527289,298.184925215773,9.29255082832992
1993-04-23,0.999905080716431,-4.46324556099454,-3.28355183123991,10.1347547596051,3.20879759467453,32.4899314736844,337.830194581411,16.27917561477
1993-04-24,0.999459696693193,-0.392112218154314,-1.50598502919101,7.28203359795653,5.20522570423262,102.829143340862,309.661094173235,1.62785828410252
1993-04-25,0.869884055566428,1.31102698273787,5.26098491927383,7.64291956261992,4.00564431832512,215.887854458526,282.880527909714,4.60021802309508
1993-04-26,0.768856079096583,-0.662436567740758,2.65118178913334,9.52664000396589,3.52759421521361,65.4522692752051,356.688249598421,16.8121826587111
1993-04-27,0.878928184396212,-1.52872357717403,5.04703354219109,12.4325742442089,10.5639092853525,211.424118246348,291.460816783052,0
1993-04-28,0.627651453065802,0.0988496031245456,0.841399148228316,10.431227681954,5.40007935940756,145.559047165881,325.635632208943,2.69061194372296
1993-04-29,0.973320430705252,-0.943493174492294,0.271170243369666,13.458676262889,9.96021674014952,147.161998628929,341.748865820938,0
1993-04-30,0.840507762202857,-0.809570879707777,-2.12992921224131,14.8911665957092,10.6431105912112,39.1537264270612,349.563017579666,25.1790562389665
1993-05-01,0.978884292698298,-0.674108713767879,-4.79650102272101,10.8680906079495,8.51859927484569,65.9353642330529,361.392034940713,18.2116905044621
1993-05-02,0.909662876592952,-0.379340869361753,-3.19099789036931,11.4718255560959,9.57947430052755,166.789000140888,338.87841631018,3.64470368873292
1993-05-03,0.598788622934358,-0.406395254167135,-1.94056320302176,15.5378994289675,11.4634605358586,192.737578942881,321.722596237619,1.08770467038455
1993-05-04,0.916255264992109,-1.0659644956095,-2.95630704727153,14.2219897785058,8.507372105006,189.681690359201,303.477052123253,0
1993-05-05,0.919820695436497,-1.00794147114833,-1.31928434492583,12.7908880446344,5.4089850983533,245.804351803295,284.422764387208,0
1993-05-06,0.515232992292995,-0.293452987301155,-1.03091419198896,12.4702239578915,4.79908275475662,232.601148554919,290.133707563591,0
1993-05-07,0.675899064399066,-1.64298664615068,2.05781173532431,12.3624962094132,3.87086322853317,77.8535869904186,348.871074623644,5.31689933694935
1993-05-08,0.921507165330018,-0.0967052569507169,2.91665332390731,11.2654669879943,8.53641807281063,91.4729866779072,334.381658753072,2.00588666851592
1993-05-09,0.801703276591416,-0.0224227290159237,-2.77096769858419,10.2330315806895,5.89948657730555,235.609253226893,294.184337243001,0
1993-05-10,0.435690900391636,-0.804365704331151,-1.92097722571887,11.8449323888549,3.40533764464678,271.989016359529,273.147217063258,0
1993-05-11,0.44208349461272,0.185683001248665,0.410040557347054,10.8839668347662,3.02119633818278,237.887342476481,287.033728620431,0
1993-05-12,0.459635933359046,0.621884877453033,1.23217653174807,11.8684680629577,5.80647852176117,220.263482752748,289.751297139366,0
1993-05-13,0.35348733688646,-0.707478507647747,-2.06232576831084,11.2895282621219,4.17811952786722,292.638012217493,269.065235028129,0
1993-05-14,0.00306501276515482,0.0521005738896118,-0.618234558312441,12.9190278345085,4.64140684525392,288.806890968988,279.711254376761,0
1993-05-15,0.657308301010313,-0.0216048943578492,1.18585135460907,13.3035061021817,6.54466407482356,271.170549725223,299.442388595253,0
1993-05-16,0.633384584535054,0.212127960855429,2.43120671992141,13.1685556534255,8.32961867577772,250.462153718794,302.956977571746,0
1993-05-17,0.385398557256016,0.564698361149899,2.24070259124538,14.1011402257744,9.1392025683565,275.606954869911,297.408289738552,0
1993-05-18,0.466254266079914,-1.27962024696006,-0.306962794650473,16.4341813034486,8.64133750794146,185.289038225078,315.063994442353,0
1993-05-19,0.485702955414165,-3.50058169956834,1.05380737227437,13.0931373533686,5.21726565959986,253.761196493654,291.295573282294,0
1993-05-20,0.430361620481129,-2.85598345620293,0.86678420474929,13.2246134341874,4.06965718729321,217.81321528671,301.263808449549,0
1993-05-21,0.638879864070591,-1.40039792193143,0.361384111774367,13.1189852330357,4.50019563685275,221.800446651283,301.773320958151,0
1993-05-22,0.641247107128925,-1.15753560684753,-0.271285382263517,13.4632976666405,5.1582529895844,220.711613661028,313.150240217221,3.53806522934454
1993-05-23,0.752423341820872,-1.1388472410788,-0.14860456852086,13.764976522828,8.25566149646991,226.696696223446,306.184860638214,0
1993-05-24,0.503155185284585,-1.49594303557584,1.46624551108617,14.6715250406412,6.53896975306311,191.085500972313,311.669476122021,2.43108911675217
1993-05-25,0.86387875882306,-3.10190354137249,1.50199530725682,13.7678851121366,6.38171207780643,142.562828697285,328.297384690189,4.92644390812479
1993-05-26,0.913610091441562,-3.02742958587847,0.731068663144393,13.329593338425,7.39337302664825,166.791391233775,320.358135677911,4.01609038246049
1993-05-27,0.658354490766546,-0.398060959566725,2.5788200488845,12.3624962094132,8.48012467739021,99.1535174746196,338.87841631018,3.74905435019321
1993-05-28,0.99956803613031,1.09759172802567,4.21253385843482,12.7676567634574,9.62315635900931,149.467591044607,350.223392591876,8.2574952943682
1993-05-29,0.743744873644966,-0.172562982992394,4.65317825897572,15.2056961423417,10.6589827434678,309.935797143703,285.568175266065,0
1993-05-30,0.546836319196654,1.6943160362155,3.04378761311549,14.7869388284957,6.47480336677086,82.0895068167961,345.174703897168,12.1413946314997
1993-05-31,0.770716122376006,-0.571887323668136,0.296742214978178,12.5927900841653,9.07373229385169,279.734284374986,296.227868767472,0
1994-02-01,0.918033293895835,-2.74332834887254,2.34923430956408,-2.60796749653874,-4.93795056581466,22.6548981951531,294.205835932666,9.55327970473797
1994-02-02,0.99453882274201,-1.30993499098624,-2.04728982889537,-0.456376228795807,-2.58178590359923,42.8172574345291,233.247501427797,0
1994-02-03,0.598788622934358,-1.86594216328982,-1.5669555413814,-4.80891015887156,-7.54051583766493,27.0416470887449,270.692410806116,2.89614019527095
1994-02-04,0.996561416344207,-3.26394540248023,-2.61389651977162,-5.68790380083613,-8.69929920898196,28.3734476065679,276.106326833177,3.70322910280928
1994-02-05,0.999905080716431,-2.71198906521864,-3.17760461948143,-4.68615569896847,-7.45558381915007,19.6879310419141,284.491417158479,17.7874842950026
1994-02-06,0.999409183871919,-3.01959154689885,-4.33528461668659,-4.067472833921,-7.02353958202485,26.6182739984097,273.720633950251,2.69061194372296
1994-02-07,0.998200380444664,-2.41035210314647,-4.60615604099755,-5.97987528082186,-9.81208537810528,26.2879634471472,274.842350540196,2.46703260262175
1994-02-08,0.990909606722764,-2.46544866804057,-3.04141260474292,-5.96023881506886,-9.36916217726326,25.9818279640722,276.396919941806,3.74738410252875
1994-02-09,0.99956803613031,-0.987027247148705,-1.32195809092053,-5.77570757513982,-8.31370991970962,57.6124009344212,217.930725250312,0
1994-02-10,0.0803640186388962,0.484610836300619,-1.08615031564949,-7.78004231827713,-10.9318446438272,55.7156280964135,220.90265145741,0
1994-02-11,0.51412721372438,-0.376965642107981,0.362983755331313,-8.4612337331354,-11.5678694424216,32.2731822801021,280.251249276284,2.35287065490954
1994-02-12,0.954489433664684,-3.73116574157062,2.65800755938053,-2.27003048140033,-5.14197033758173,27.0347415020286,294.884708915586,6.80361127741599
1994-02-13,0.931494463144531,-2.58674367196409,2.9381735187105,1.1090858147287,-1.05354420165686,24.1056012484516,296.116691245791,7.89331448854368
1994-02-14,0.999324927698253,-4.20863997544209,-1.18359556701204,1.04127611121144,-1.22649861997471,34.6169588357536,284.491417158479,1.76938227293314
1994-02-15,0.938419143389368,-0.219984101524788,-2.77345112765311,0.397501862837335,-2.22875088028752,53.7743197261458,239.532568569311,0
1994-02-16,0.708459416622776,2.33108568075875,-2.52133624561638,-1.03732013886363,-6.91245675796572,72.5814963382397,204.674987657213,0
1994-02-17,0.430637580048257,1.75199172181765,-2.05925904342616,-4.09038604869081,-9.58712647512733,74.9513366251624,201.630698944478,0
1994-02-18,0.156481653736558,1.85407017595171,-2.57540999889664,-4.82455098947944,-10.2493097700265,78.1913129187007,196.660520541683,0
1994-02-19,0.0432208966204122,0.244003624951791,-2.46053185195674,-6.22068874100924,-10.5355996400142,82.7929556184263,182.680019777712,0
1994-02-20,0.246243127500747,-0.196160947566879,-0.761126817981498,-9.86346619574113,-14.0407509965656,67.9234570674177,224.47985889412,0
1994-02-21,0.628055712444446,1.78207345110325,2.63518817667479,-6.08171067485845,-9.46131597346385,67.9234570674177,249.015440779885,0
1994-02-22,0.946598470124031,2.19815592171713,2.82840961635764,-2.89286165670422,-5.77864711866796,67.04737952503,252.048173533341,0
1994-02-23,0.524679984458078,1.72726122709028,3.22273676784598,-0.831276359936626,-3.11812622716713,66.3449244161376,232.8319797448,0
1994-02-24,0.668701731909064,0.778961974823665,0.754307979700006,-3.24776992449401,-5.64678780164254,76.3442430902622,231.156540340048,0
1994-02-25,0.532324718294757,-1.10060503125314,3.88106431168588,-2.02545880560946,-5.3248601395545,28.4612291410096,287.101678421744,17.9683281454391
1994-02-26,0.892815354573873,-1.11003270113223,5.96310592004429,1.12308310213819,-1.74919885137451,46.7146649059525,291.463146584476,6.91013068158699
1994-02-27,0.847764981464987,-0.3325149077074,4.6098589631577,3.08017066009411,1.1639725104789,58.3947752731091,279.054526509219,3.05319114687137
1994-02-28,0.849068797519208,-0.201372582484751,5.34425033476716,3.14027140992836,0.627598786996561,54.9850947859997,297.235234814654,10.8336676415255
1994-03-01,0.975866636820325,0.707669947898102,5.67751426360921,3.55785316510119,1.05594607318605,100.903750277332,254.713174233885,0
1994-03-02,0.234349650673822,4.02385668957859,3.30290529325478,4.89518788383892,-0.576002151448866,61.2607613298382,273.508421367142,0
1994-03-03,0.604970364125486,1.67673103607768,1.72384398064455,3.1863277797694,0.790034692201543,102.388880993757,235.635337396922,0
1994-03-04,0.460979185037557,1.74835740650734,-2.00435272780246,0.634407901690762,-4.7439664262405,94.1011278462822,228.875406004948,0
1994-03-05,0.76071595391861,0.0622916401734068,-1.9809314367428,-2.54080328950147,-6.99233701475991,102.071034537471,236.637190462239,0
1994-03-06,0.662776333674278,0.00974827965219956,0.595044443290614,-3.18394697038556,-6.9376176657746,80.6195123564316,244.903321696459,0
1994-03-07,0.637087742119065,-0.925353854156773,-0.14860456852086,-4.40638631743072,-8.51200104622527,123.006585688827,195.444515740891,0
1994-03-08,0.580863526929738,-0.16124790862413,1.29043439265126,-6.77290240462414,-10.4800033019183,68.9054775054374,230.214049119688,2.39363886312221
1994-03-09,0.471226965366445,0.138918404724513,-0.340221012259138,-6.26084263005918,-9.61544514485151,131.12925942451,192.554987152284,0
1994-03-10,0.0646268378118228,-0.351480073534893,-0.460032793432773,-7.58326819796703,-12.4515032423505,124.093764540559,202.545378466366,0
1994-03-11,0.807758254555866,-1.24042856022914,-3.36652559797001,-5.33608455831108,-11.4676089124699,87.5971077379248,264.843645521761,0
1994-03-12,0.976375470590799,-2.23506523428317,-5.02618284749984,-1.69076304704634,-7.30185108954966,78.7111130174389,268.813353361107,0
1994-03-13,0.682121064104135,-1.62861133019526,-3.45011080024096,-0.96645995811649,-4.89378843834828,131.184023291135,234.691775871542,0
1994-03-14,0.209735462800777,-0.553927019257229,-1.23562779227004,-1.23963387058924,-5.8768228849453,129.110402096882,238.551846486896,0
1994-03-15,0.302478217633616,1.01510572379008,0.373706905148036,-1.23963387058924,-5.26907628577353,117.308837528728,263.157322773092,0
1994-03-16,0.578976562078859,0.426969879073452,0.936997398441359,0.485962586223349,-3.05470579789424,74.3158689674444,288.779891908028,0
1994-03-17,0.917024139807474,0.0663100281442527,1.74360315179892,0.574675732083836,-1.23062125141114,107.769538499224,277.003720320225,0
1994-03-18,0.727720693085411,-0.162083284675146,-1.76836740110666,1.17823357374208,-1.90451700286799,153.935597439821,210.087867778572,0
1994-03-19,0.0072754741508152,-0.710768967416403,-1.63080054976109,-1.22353236715295,-7.01565799443464,151.276207624255,212.088446460451,0
1994-03-20,0.226920189097072,-1.07758147889604,1.23617211555168,-2.46498398739569,-7.53202311265016,160.356753711935,203.079576089096,0
1994-03-21,0.402005969553319,-1.70275596523507,0.661200761432801,-3.91739401319404,-8.60090669077144,59.3489066231848,285.444548027513,4.61054331707325
1994-03-22,0.999905080716431,-2.42460264282757,1.31754722906922,0.372246066984465,-2.45002208231006,27.8403239711036,321.58355638381,15.3093252056715
1994-03-23,0.982811497588133,0.419125921163235,4.22814893150132,4.15898671184726,2.41378866604412,104.079635620344,292.085051190407,1.13548000698441
1994-03-24,0.760057415188649,1.66544977690787,5.93270554321746,4.61206709094593,1.80229944874643,76.3442430902622,295.653618224895,3.39044054076321
1994-03-25,0.747170511628813,1.69395049087913,5.54607893320925,4.46975028062555,1.65623487592251,83.8502267520114,289.710264666548,3.5270473803486
1994-03-26,0.892443788271991,-0.506441373285085,0.202409442096885,2.93517194135853,0.437415555059652,139.154370001356,253.934384040435,0
1994-03-27,0.606180150775318,0.127725043819038,-1.17522163021316,2.07990065100391,-3.87843351051445,178.215862544426,225.445500913295,0
1994-03-28,0.425233161726608,0.537154987981677,2.06137501710326,1.02720105358047,-2.98280404985011,63.35483279684,286.434354302638,4.24510938241308
1994-03-29,0.672632238930353,-0.421836978243034,-0.693786771767131,2.0146752876738,-0.343039611511255,179.04069792981,237.890310472121,0
1994-03-30,0.760879884577752,0.97337431636537,1.28080260145638,1.75803836517609,-2.30351129471329,152.281446963649,269.783765449434,0
1994-03-31,0.725103094694011,0.448494641902656,1.46593494828506,3.65914024112289,0.112849809507495,126.725025481146,291.05856177795,0
1994-04-01,0.975094018347293,0.374136439094791,2.65118178913334,4.15985069502838,1.96649534995025,119.763420804777,283.806882766815,0
1994-04-02,0.425911195877329,1.44980447745014,2.6027020564545,4.27368529895148,1.53745119448388,151.054799386726,264.039751608383,0
1994-04-03,0.476661377652746,-0.820909917625771,-3.52315304165236,4.75470433637417,-1.66181960168409,189.984107718837,243.442748887961,0
1994-04-04,0.356807671442623,-0.706625501536493,-2.25364439872447,2.04798035477444,-3.58842074261335,204.194685303428,230.408064715492,0
1994-04-05,0.00293478274372895,-1.0715736890027,-0.981317836557921,2.55714692334949,-3.39245218036058,199.815147721085,239.346194890742,0
1994-04-06,0.0614814036330453,-2.4824037321088,-1.62348388876789,3.98048681830193,-2.57381348052198,107.439103742695,283.986680239355,3.43567650742361
1994-04-07,0.849068797519208,-4.15736261625557,-1.77282792392014,5.95360200631295,1.01343408083565,38.2593232672954,331.948059920865,11.3954094183679
1994-04-08,0.961144413964588,-1.24419751661644,-0.978722969428774,5.90948600010856,3.21981762211422,141.497551272985,297.904399518751,0
1994-04-09,0.455936092987646,-0.430562887924648,-1.39866167303631,6.30115741744729,2.52975326674519,172.231780743356,278.245438951964,0
1994-04-10,0.262308676248178,-0.0940391447541749,-1.789728367589,6.74464039208542,1.04711093178388,188.190655913433,258.418506400407,0
1994-04-11,0.691925533658211,-0.610212636707339,-1.76678479857949,5.11573971461838,-0.857666346128497,204.631645818266,242.000610772037,0
1994-04-12,0.247325706371445,-0.154456669853243,-0.471112589368854,3.14027140992836,-2.82989941645385,133.219915259154,271.761800820812,0
1994-04-13,0.930637237494834,0.477839394013853,2.29139481210306,3.16812564880156,-0.839199631479507,155.639839421922,287.619648625704,1.61162361067096
1994-04-14,0.864110788616857,0.89162341540966,3.27360508555185,4.77081342884481,1.67235490444653,207.045463490642,273.439514118498,0
1994-04-15,0.226918355805572,1.55806504553419,-1.03091419198896,6.93929561858948,1.00396925000229,205.371560933059,270.242328192931,0
1994-04-16,0.965271209285632,-0.562371599059795,1.06347246328404,6.56359740620338,1.57620928584323,106.643472725582,309.858410989113,1.79244350031954
1994-04-17,0.984030670117834,-1.0286698447161,1.15719830240896,5.69889993907086,2.51627173811215,81.6666367132998,312.391797208403,7.25568982549989
1994-04-18,0.963108448813862,-2.02379808739158,1.24353013188976,5.61982923605759,2.77136786749448,135.214178620668,311.668358867375,3.41480508563206
1994-04-19,0.866653334162556,-1.74511403279268,-0.44354600409635,6.67825562547051,2.7129989555396,91.4729866779072,326.50677099919,16.0728097030822
1994-04-20,0.998883929471252,-2.80401470776117,-1.95784504290666,7.60523782341106,4.10745522032984,75.460773579611,314.154546166517,3.14269790001109
1994-04-21,0.770787605793631,-1.5647078451822,2.40871190281093,6.74464039208542,3.24749054692444,190.237102236976,279.227271120145,0
1994-04-22,0.986412888396902,-0.367720974818848,-0.834303713133635,7.20336864835227,1.40277090706448,171.274640464755,290.068855153677,0
1994-04-23,0.970883383088221,0.132474837313667,0.409943385461133,6.37651929164748,2.73417186898866,192.737578942881,283.725676543829,0
1994-04-24,0.767131500134274,0.513165344869403,0.542183430566631,6.88202108783549,2.54306265317422,208.496923637763,272.31095961629,1.06801672758695
1994-04-25,0.418642796901111,0.736716934574541,1.28729626710669,6.52516851607209,2.39348108360745,230.768683655744,261.875897005363,0
1994-04-26,0.799886435961802,0.178780757979652,0.757175306110655,6.34960794409866,-0.0233367159420065,49.1849700077297,327.797395061798,10.8525702467559
1994-04-27,0.952952046040397,-0.552808426490504,1.20167940358667,6.50585438286758,4.13413658759826,178.905378276402,315.280920525703,0
1994-04-28,0.676464769579954,0.4432486746928,2.96738794817747,9.62571949444471,6.38909943571421,127.12252668639,332.071848615643,5.3822959222165
1994-04-29,0.977215603746858,-2.29728958991539,1.21966897119553,11.81083872661,7.85229419996513,67.7800520002078,347.743484066875,5.60618287028042
1994-04-30,0.99722909823286,0.173765725281177,1.95322354632372,9.19254397844119,6.55440848329482,99.1202069872831,329.389108731268,2.5360587211784
1994-05-01,0.764405127771357,0.24317436611024,1.89732141052537,8.6046200739146,5.60620541567317,169.911915444936,303.574197860451,0
1994-05-02,0.657308301010313,0.822504177869652,2.5901213844389,8.54599986111139,4.46656824357548,197.35766740148,295.262192486416,0
1994-05-03,0.738870143721574,0.107034109591162,0.503894541311921,8.95749563846784,4.48054616682891,183.180527122537,305.888657103914,0
1994-05-04,0.957564800775575,-0.537319714207598,0.93184966887248,11.002710148812,5.12290379184757,183.799257548405,313.911728990961,0
1994-05-05,0.876262110351687,-0.607030027638805,0.860009508614211,11.1080475271746,6.29641726325368,153.191446689645,318.681603758532,1.00058133788682
1994-05-06,0.832766821054052,0.10938307488494,-0.0443186916853147,10.4782323915613,5.99461389804808,180.366473366583,317.155395667887,1.18189152282398
1994-05-07,0.779769418013847,-0.352438326049334,0.846942064848212,11.0245661721801,7.18179724785678,169.460742055586,320.151158718217,0
1994-05-08,0.814867838617375,-0.360310249915929,1.1499891640723,11.6335374091338,7.23569927297136,156.238726830755,324.504312756873,0
1994-05-09,0.891282021275937,-0.657101960320155,0.569004159342923,11.8964455638439,7.58423580857369,167.70420287644,332.218246661335,6.71548782421976
1994-05-10,0.888648562760116,-2.85598345620293,0.759049435837608,13.236779474652,8.09935681503593,151.054141049481,344.28862654693,2.23090779624185
1994-05-11,0.919799489840382,-2.84526775137562,-0.253481056833195,14.8157586060694,10.7526522680717,237.583938465498,338.587889775679,0
1994-05-12,0.655198978462105,-1.56951740949351,1.97871769144003,17.0262314722909,11.2925890120612,209.764985019091,325.959735078389,1.23779785558205
1994-05-13,0.812570860095559,0.306317653731576,0.123463639931126,13.1412103555943,8.40101248127177,75.356524552458,367.46926951168,18.4340821226642
1994-05-14,0.998667985836226,-0.970464479289526,0.191596746698702,14.7873634041173,11.9633517707732,175.47271272261,349.767180726483,3.65040886729255
1994-05-15,0.815804090958212,-1.39931207986574,-0.201472111461912,16.2790941667983,11.7878931907273,147.822368864206,353.700622277519,12.500337247319
1994-05-16,0.850731538413147,-1.46364612574573,0.239192569789161,16.3774258702623,12.8648768539927,75.1786353849689,344.275759727516,16.3134096043784
1994-05-17,0.786099753580435,1.01510572379008,3.63986971198266,12.3008873479553,10.193534185054,138.081398224427,327.218865560701,7.71628700557923
1994-05-18,0.914889406418124,1.17416251536089,4.8071709250312,11.1098850168384,7.84532844129426,229.566199417938,303.602631302037,0
1994-05-19,0.651013218104488,2.91411917604021,3.87187090742283,11.7199892374934,5.90216964388748,250.308061143592,302.677985608628,3.7057861849863
1994-05-20,0.698372533430926,3.24036522049979,3.78364558213117,11.4897784120036,3.89367026432533,268.937493257621,282.170088975631,0
1994-05-21,0.367132944881108,2.78939151630291,1.90445315138785,11.4334301155339,3.05096171271394,258.788169214247,280.483703529927,0
1994-05-22,0.774948485205038,1.58583392948769,1.84459899168896,11.496267806161,4.06730175047607,166.467311697424,317.58732646416,0
1994-05-23,0.903883897555638,0.0988723959056906,1.39535989904099,11.880669629857,6.61918246221483,219.401762866884,328.770195974077,0
1994-05-24,0.922820836963959,-0.136005223980742,1.93477568189953,16.1529014342683,10.7528286867395,186.343658724983,356.272341190164,2.89817485027851
1994-05-25,0.968154549683734,-0.961963183412398,2.9931811706519,17.7876504781425,13.1646424733338,112.086460269622,368.321443123209,2.58523453938604
1994-05-26,0.917024139807474,-0.352001412638206,1.91415319016218,16.2605775593516,12.2837801967073,165.495941564869,331.528006838486,0
1994-05-27,0.627842103284397,0.168005671239969,2.99659153102174,12.8701334454773,8.32999603641565,190.22660336408,326.464041827478,1.74826147685678
1994-05-28,0.870356381532712,0.67029320110431,3.37323521510964,14.0521227538028,9.20129961770071,270.710139799609,304.931957833146,0
1994-05-29,0.262879842368131,1.72726122709028,1.19618607682187,14.8851283494436,7.60653231229104,315.519918546956,287.584940542044,0
1994-05-30,0.00782749131597367,0.485325601042139,2.78078219854768,15.7454999633043,8.51346660078896,290.620979611897,301.042596747213,0
1994-05-31,0.142026359166785,0.208436018931841,2.05660520734801,16.2571186393373,9.64588625435882,250.905985532855,315.800078094932,0
1995-02-01,0.297140775123462,3.76159038515276,3.66872547274907,4.82138443906198,1.30473097373288,45.4350424655563,218.131208631639,0
1995-02-02,0.459635933359046,2.78870013311401,0.539318848848302,-0.108690584746566,-5.43240307593955,22.805362550886,288.971205103324,1.1892551521368
1995-02-03,0.802490145400637,3.10777585038536,5.14675831577065,4.7830697600741,2.22330954319087,41.5271377227954,251.004942915634,0
1995-02-04,0.516087842810341,3.46426291669074,2.33690765684182,3.7624421429717,-0.729892849917249,31.3855577660898,252.218309753506,0
1995-02-05,0.689792063474069,1.78791312821212,1.31721326883595,1.47223381461177,-1.94335698922075,41.9650041407254,269.86267656907,0
1995-02-06,0.691309176026895,2.38404432141466,2.27406632964486,2.35459560424662,0.179341238157595,24.8364762828732,283.521133068559,0
1995-02-07,0.487070113078545,3.50956533293315,0.378564777617971,5.4127888110979,-0.471181116284163,44.6785352220179,219.345599760179,0
1995-02-08,0.645086374425456,1.62979860461897,-0.3716238260473,-1.75174247280174,-6.87016054551832,30.676032381953,249.361027988324,2.00846665557795
1995-02-09,0.56384301828331,3.20279156092332,1.68227076159777,0.260347905016074,-3.69125057657987,54.5470890268053,247.54543839665,1.75021598479853
1995-02-10,0.771248175775353,0.494576059043488,0.562816036162098,0.208769297808517,-3.69661418579248,52.4098481703018,274.753896526813,1.80305440765006
1995-02-11,0.877550211603059,2.13676547565886,2.27970729586405,3.00268006808671,0.627598786996561,57.3312846988813,239.933088505954,0
1995-02-12,0.443561505442349,2.11462785217112,-3.04141260474292,0.0342457470273241,-7.58288099658212,29.1712551618458,251.744239710505,0
1995-02-13,0.595480458708396,3.76344117750853,3.79004835570761,0.744554409862973,-3.87793971476504,44.3118755769569,227.387733421085,0
1995-02-14,0.435937558710243,4.54532944073347,1.47267023604256,0.58152600524183,-5.48417525552364,67.7133207219102,227.399149380699,1.10424929661754
1995-02-15,0.500528589668242,2.75534673066534,0.756717426602436,-0.177344175817595,-5.74458735993036,67.8075464680792,225.328949126879,0
1995-02-16,0.287862799292536,2.4652264369287,-0.698226249378608,-1.1640144869603,-7.02353958202485,63.9884604547938,209.888176808905,0
1995-02-17,0.406875794654713,1.99801591613558,0.166867100712603,-3.03026881814709,-8.45895344624903,75.1881501793448,199.068583543636,0
1995-02-18,0.0613922413877081,0.821833204979406,-0.978798365483517,-6.55460827866646,-11.2134602053027,72.4817030257731,201.151353018745,0
1995-02-19,0.468140712252027,-0.189184924397876,-1.52121676715817,-7.72590947788594,-12.2849435412611,80.8554307387354,210.087867778572,0
1995-02-20,0.693339923231026,-0.948819054356546,0.12407028241935,-5.7680026667783,-10.4705079742176,36.0541460617566,272.778679967639,8.6342325967653
1995-02-21,0.90309202432493,-0.552808426490504,-4.85588846916239,-2.51505519746532,-6.87920420741591,82.3591524540842,219.936110714192,0
1995-02-22,0.724479783281957,0.821833204979406,0.422256387443956,-2.82499448143393,-8.12624598881998,23.9434368523275,302.655436729481,4.92006032724461
1995-02-23,0.999248064434602,-0.0393250448013325,2.64107516391574,2.19888689016259,0.838207673693645,30.8714792756444,316.544734490748,2.29575394579125
1995-02-24,0.91195114233731,1.06355564780439,1.82160319064431,3.89684176219016,2.23358073493888,79.0098703723433,247.672282701953,1.54418030916212
1995-02-25,0.699908141621838,-0.613366089359603,-1.23431173154164,0.660306987937091,-2.56938678871588,66.6273583139522,258.648838506985,0
1995-02-26,0.977417346814064,-1.76526879547667,0.431960956134182,-1.62986156473489,-4.77228622008125,38.6705474687943,283.530578026128,0
1995-02-27,0.996942500332821,-3.02427223886169,-0.730697037296055,-1.16840052955591,-4.07690213776569,56.802697162554,285.247864564803,1.00058133788682
1995-02-28,0.902270462966635,-1.02812173423016,-1.45632235166919,-0.077010179836424,-2.64971774459999,32.9035487501323,298.206095589511,4.21225836108813
1995-03-01,0.979757719628658,-1.91975334952399,-2.76630634250703,0.337549054902057,-2.38163600766217,91.5361645274403,245.918639957189,0
1995-03-02,0.730128089497583,-1.57664950885874,-1.28105092482512,-2.97474079678184,-6.70055137529917,70.4569388575055,257.141747290428,0
1995-03-03,0.917566600443852,-2.10195995684991,-0.290114923682997,-3.84824846235717,-7.12994130215554,56.2789294220089,277.755585789451,2.97241631300225
1995-03-04,0.873548606732427,-3.20702135554555,-0.184943384711727,-1.79021707138643,-5.14197033758173,48.7334237732055,290.179868915395,8.34222664394265
1995-03-05,0.994138745648376,-3.97836064149729,-0.438395820951465,-0.0236404170381447,-3.31858620196289,50.3852898038336,298.976187617556,3.74930788574046
1995-03-06,0.954586873275711,-3.25788489419406,0.0295887224149407,2.10966374365261,-0.523983942753508,55.778489321504,296.759651006632,0
1995-03-07,0.887752441455651,-0.483238172264841,-0.651775117364812,2.78513549808993,0.723745937902979,103.945635551449,249.678286746822,0
1995-03-08,0.487070113078545,0.911907960066681,-1.23562779227004,1.1179280359299,-2.12719421422658,112.721795046629,215.100745491475,0
1995-03-09,0.129370588681642,-0.0134277670199178,-1.56528178896983,-3.15219810191282,-9.69467903669061,91.5263712725175,231.38245984726,0
1995-03-10,0.536904430336609,1.26539725862537,0.79337199491126,-3.45637239877157,-7.62887570780002,98.8966436036802,249.408040241002,0
1995-03-11,0.84678377493067,2.26997642944269,2.408602078877,1.23438975875829,-1.68951005472282,103.274026472592,273.147217063258,0
1995-03-12,0.992382273496178,2.38249288607823,3.37594818583676,4.70382640394531,1.7263839535679,129.493337527818,254.570802693337,0
1995-03-13,0.154035104049931,1.8726579690068,2.78078219854768,5.23199871787881,1.31757005239926,117.30881903168,258.176298022586,0
1995-03-14,0.765360022585952,0.494544323809442,2.52076361493228,4.40349136265973,1.26645607306084,121.667280640559,257.099806367888,0
1995-03-15,0.172392013209538,2.18365137699982,1.94897907629016,3.98164754962329,0.247817958303805,132.400019422277,248.563764983694,0
1995-03-16,0.749135180393634,1.99686976734679,3.36646923008758,3.3899985405006,-0.711881532666123,131.844417023649,268.42722905973,0
1995-03-17,0.486070978083607,2.96987142186343,2.82840961635764,6.03856746706213,1.44606163097865,139.376100167124,251.421660596581,0
1995-03-18,0.414392244787686,2.83380035267347,1.21322608214554,5.71557949671443,0.205887141053828,134.203825056459,262.382491579043,0
1995-03-19,0.696283486945499,1.48201978851109,3.1691704742785,5.515266187398,1.790827888221,73.946779611712,300.016321814047,0
1995-03-20,0.84057385447578,2.47352323473292,2.9209932578895,6.73306840353179,3.41563338432638,140.017032326269,242.599323969385,0
1995-03-21,0.384986090158802,1.49300305117695,-1.42817986525149,3.86436451692633,-2.39565886861105,158.768866007747,233.923316429294,0
1995-03-22,0.506724475930848,1.14504730273756,0.0588363386433734,2.2404071184256,-3.10399119491171,132.810195347224,253.958459706931,0
1995-03-23,0.469824919210569,2.44663246761475,1.94555609811334,4.42765784627863,-0.512755535674862,142.006700322044,243.433706205006,0
1995-03-24,0.26665200948398,2.47661869217229,0.567383383448682,4.13907347064713,-1.54732052717251,168.326145826125,231.830516287726,0
1995-03-25,0.0823856102934862,2.52935484027324,2.340959437929,3.73768047011669,-1.89010281357026,168.326145826125,224.257097147256,0
1995-03-26,0.327520336527267,4.4458909778276,1.57196324032743,2.04843786659407,-5.72784879901701,140.017032326269,267.404579319331,2.58985082263696
1995-03-27,0.902264681057441,0.695979214568511,2.51648462944946,2.16130498152532,-2.16083904403894,117.044555789268,282.375518097975,1.75021598479853
1995-03-28,0.612064973268192,4.66371015311237,2.95528421052509,4.85203978544458,-2.07178005215017,173.192860943621,242.835123219314,2.20205559433595
1995-03-29,0.578976562078859,1.57820968174987,2.05866595306832,1.78306101738423,-3.76177212103355,31.3598967239427,311.668767184483,11.181847286679
1995-03-30,0.646439337356093,1.69651178493158,5.58381731271468,6.34925527510836,3.99400330751187,161.149908407069,262.149637188926,0
1995-03-31,0.724171106016448,1.44070349962044,3.65545086670862,5.44959483040738,1.35529389421442,164.414574128882,245.463660860165,0
1995-04-01,0.520028363016574,0.88540159510017,-0.015273164990509,4.73032751079276,-0.839199631479507,194.997395695346,231.551954985751,0
1995-04-02,0.00100562876002766,0.443303900790722,-0.91630699288454,4.43169470035617,-2.18817206067941,192.737578942881,242.065464647119,0
1995-04-03,0.376427627545101,0.317895825241702,2.40015828802999,4.7850780107498,-0.173602751329139,158.201388291975,272.401326570487,0
1995-04-04,0.755024199298754,0.291354275323891,3.31223067890728,5.80642678996859,1.4510867547091,130.960069268985,280.265926971315,0
1995-04-05,0.966449667519272,-0.136005223980742,2.401235620859,5.63431626882639,0.838503665305405,84.4739783525935,294.926186895356,0
1995-04-06,0.839007763345164,-0.613673346481121,4.68837383964341,6.23476366395398,2.52436644371791,124.574090150857,278.801061518974,3.28791251607789
1995-04-07,0.495855079709381,1.28722468071738,0.830670732853647,4.72376805827309,-0.490135708936514,191.124946552578,244.229950228045,0
1995-04-08,0.164030772776758,1.93093900770105,2.06752792176441,4.80507384205238,-1.34292675159831,218.471397237442,218.620153648805,0
1995-04-09,3.23018579485661e-06,0.0518495865240896,-2.29460039090817,2.77750866328747,-5.68435607155181,217.24196222201,229.376017465859,0
1995-04-10,3.58254120009648e-05,0.537154987981677,0.425723018644272,3.31912983252617,-2.78823216325186,220.30599343937,237.701771743418,0
1995-04-11,0.0914627612252963,1.10614710351768,2.72193594255074,5.55111010103472,-0.0300869901391174,214.625318997607,244.229178873845,0
1995-04-12,0.299246426560798,0.390339854864188,1.97871769144003,5.91709739949931,1.34855682479064,221.800446651283,246.549519500337,0
1995-04-13,0.252944039640255,-0.260932352334129,-0.259376824591611,6.54066214421261,0.511072203214191,228.204164017068,253.880776207193,0
1995-04-14,0.707131440755058,-0.573756793635318,-1.16911711694703,8.27701732938575,0.216171185911305,230.852680461843,260.248071996706,0
1995-04-15,0.0906758116205035,-0.663778655720617,-1.23952039878325,9.27218901867906,1.38334243799153,235.330906358893,251.899625391051,0
1995-04-16,0.262462851233137,0.283930786439643,0.252609446232274,7.2753961111905,0.998741610686043,219.658927720859,265.809023127005,0
1995-04-17,0.844598323954043,0.803708005417388,-0.405498903655033,9.04821622799759,1.65335379015538,114.711061763568,305.329211005624,17.419498428221
1995-04-18,0.999905080716431,-3.55702662445948,0.224074822141768,5.60786774512946,1.90914350230621,131.265695975554,292.340457206744,11.9196095025498
1995-04-19,0.922920998008316,-1.8604273134901,-2.72390199067197,1.70458345775715,-2.65282629157557,159.964811762431,274.275926751857,1.48856510450788
1995-04-20,0.734577072426011,-3.0282385585685,-0.599081066846922,1.69146334393127,-2.24746560993536,211.39606920721,243.905764532166,0
1995-04-21,0.42169652408061,-1.1460001930096,-0.642908394671605,0.375530172082915,-5.98064224997685,256.027397031864,230.509364555945,0
1995-04-22,0.593934380590637,0.249149374435452,2.37606557373021,1.56507005865478,-3.46139003224296,69.6244542316762,311.048969983525,10.9831333771305
1995-04-23,0.999905080716431,-0.905282282066717,3.6964121992081,5.12040560882626,1.90971736849794,75.4766304375557,312.822285696829,7.34463210476095
1995-04-24,0.851922803281943,0.989266567246002,4.97519762714238,7.51121661082144,3.99860963826601,231.827591524298,267.358349867532,0
1995-04-25,0.472928446685798,3.37412120865055,3.25156835852994,7.83225580575812,1.05594607318605,232.960246832669,258.638910291355,0
1995-04-26,0.334737770748829,1.78791312821212,0.674923344781347,7.46409272700373,0.648604955783849,243.778288731553,250.305016576341,0
1995-04-27,0.162538956946188,0.810651518111749,-1.11342410140693,6.98301904540719,-0.30039171674446,237.887342476481,253.034886217816,0
1995-04-28,0.238551137964639,0.327710348153132,1.52489353148994,6.97196350211095,0.467520112499583,121.128457166119,312.616591965514,0
1995-04-29,0.999905080716431,1.09422478492455,4.25221444505214,9.07244530156315,5.68172804801685,98.9825287304693,339.228925574443,2.73346689889479
1995-04-30,0.974175906947267,-0.352001412638206,4.819537261618,11.4032444721515,7.00168908318404,247.697672061082,279.393827485618,0
1995-05-01,0.531697441593315,0.779024800287606,2.44993616015584,9.77891658924264,4.84546834226295,207.509388202174,293.159206354401,0
1995-05-02,0.901913137628358,-3.64702762993129,-0.199299996973663,11.6956571294122,4.48054616682891,119.743476546955,326.326163936156,14.1454221622202
1995-05-03,0.958044321502205,-3.17302628103947,-0.910603679246379,11.5820248779283,8.10192195404968,114.054288643145,318.421714035503,5.26541235842051
1995-05-04,0.681473389082508,0.438261207721151,2.37317357123337,9.53462413798163,6.16023798394017,275.470924708905,270.439116095108,0
1995-05-05,0.260056818772124,0.364937613670019,0.296394938216506,10.8230884900102,5.63526036232334,218.471397237442,295.345948903716,0
1995-05-06,0.294540860778256,-0.477845127718868,0.659101259412054,12.4123815147914,6.84587149967221,283.845246990282,276.667222404515,0
1995-05-07,0.0243227303811456,1.18959820017162,-0.288018448133251,13.4313695811916,5.84094397578409,281.712207869789,276.980679722422,0
1995-05-08,0.192468829831233,0.509044548044983,-2.09018715449282,14.3926218181124,4.9935704283129,291.10967930339,265.183175904386,0
1995-05-09,0.0492991702048731,-0.682011052212481,-2.23566168300198,13.1315205317276,4.00516621730752,291.119099813675,271.169647804055,0
1995-05-10,0.000272031662141011,-0.862217675606248,-1.26840186854338,14.4153358799375,4.74893280499688,285.51602765946,279.122857461488,0
1995-05-11,0.0506220335091977,-0.448805131727423,0.622233422158517,15.1743016697582,6.16990841563211,285.034467330803,280.787759787348,0
1995-05-12,0.052144795685357,0.273825313834123,1.93477568189953,14.7869388284957,6.23715606434958,213.392192515101,290.010346353111,0
1995-05-13,0.605979134855873,0.110954176311691,-0.460032793432773,12.4702239578915,5.47836980519082,291.10967930339,270.902316195526,0
1995-05-14,0.127545344765092,-0.961834553950648,-2.60021014312208,12.4325742442089,2.97628097172439,241.972539185836,283.703148227518,0
1995-05-15,0.164256505182538,-1.81078090180251,0.196726106941358,12.5927900841653,3.89367026432533,220.497557729053,298.876399950943,3.86445411679389
1995-05-16,0.794891620746431,-4.12665334403763,-1.19889759874693,13.0088878479208,4.11663300651302,78.777536919456,366.186498864468,26.4458242073589
1995-05-17,0.926374673311827,-2.11553386916329,1.59536397310696,14.0268549197094,11.9633517707732,233.537930213396,325.271513211391,0
1995-05-18,0.606565697126031,-0.22558869439524,2.43446071177329,15.3519413956199,10.6452703299102,191.128305089725,313.780739488661,6.80361127741599
1995-05-19,0.764405127771357,0.655090840161511,3.74722487680491,10.8498698764272,6.34972057861148,278.819540125998,283.079110739364,0
1995-05-20,0.373637217766914,2.64670425022476,2.24476639174453,12.0397339347735,5.06899565790024,145.961438806831,305.428114339302,9.46336852715915
1995-05-21,0.788878003785546,1.49868915827367,5.52656838699308,9.94456611465791,6.12972912552033,283.666897481775,280.751932786882,0
1995-05-22,0.212127769891606,3.37412120865055,-0.451919508532346,12.1724908036768,2.54835568010833,291.250379349115,281.944108927167,0
1995-05-23,0.73141455081045,1.61761763937832,1.52732819645048,12.9554384544441,4.79474104347945,231.78542047872,306.528770297608,0
1995-05-24,0.851941708284313,2.2502750279607,3.02144279248829,13.7411049309202,6.73206182555755,165.009741661509,332.838427889915,0
1995-05-25,0.893005888494404,1.56817752832189,5.37620863841945,13.3757105427062,9.13403720196527,282.262277215786,285.692801719608,0
1995-05-26,0.130857358096903,2.47661869217229,2.96009211535475,12.3624962094132,5.07700514964365,286.419148804376,272.437283237866,0
1995-05-27,0.264212428514646,2.38934702593445,-1.03612562959179,13.0460183265464,2.45516069743064,286.747732229172,284.016495653046,1.44392478858323
1995-05-28,0.603320456238004,0.233654459320668,-4.60893742742937,12.4702239578915,3.21981762211422,117.777265925163,325.972284855235,4.76904313627323
1995-05-29,0.805318278759096,-0.635823216354954,-3.06901409681498,10.88408013302,6.55440848329482,223.433729680938,310.850116800417,0
1995-05-30,0.738870143721574,-1.89094142374847,-0.527814840016464,14.1173614166204,6.43587251282667,118.525206429761,343.548444518311,13.5513619992679
1995-05-31,0.82805630710971,0.033877823925346,-1.61116260834673,13.7583072148155,11.2923156751654,264.989797506567,306.167718093126,0
1996-02-01,0.767693414358959,0.438261207721151,-0.402208249904182,-8.81414725688576,-11.0670877575694,14.0269830771708,230.676843421562,0
1996-02-02,0.686399575039055,-0.577460366184294,-1.56632434323886,-9.15333242130018,-11.7714166504762,14.0269830771708,211.826392580217,0
1996-02-03,0.415998658978315,0.443303900790722,-1.80145067097786,-8.41638458668108,-10.9960122246224,14.0269830771708,190.385798741054,0
1996-02-04,0.151868069305719,0.36673778062652,-2.41544297378371,-9.41052792132474,-13.9029070158127,14.0269830771708,186.162235267824,0
1996-02-05,0.208088488294255,0.0888760148968887,-1.14677003020942,-14.9409191185265,-17.9009977906576,14.0269830771708,216.271721276291,1.77690571546563
1996-02-06,0.618085878424624,-0.246529202342105,-0.161653736356661,-11.8559942743605,-15.3009071893695,14.0269830771708,278.237632180908,4.94615909533329
1996-02-07,0.999905080716431,-1.5647078451822,1.50216808203187,-3.41330108321167,-6.12615444012948,14.0269830771708,271.336620309539,2.39363886312221
1996-02-08,0.948153956838234,-1.26605392850658,-0.852063918967532,-3.99220115972917,-6.16035830749653,14.0269830771708,268.556046440025,1.94217418222792
1996-02-09,0.999905080716431,-0.0203806006783027,-4.12788620049161,-4.07967885030995,-7.38544392672895,14.0269830771708,202.006639071734,0
1996-02-10,0.732875467387564,-0.663136281772578,-0.39241339843219,-9.31135731607391,-12.1305618470139,14.0269830771708,258.845045601226,1.9393739495344
1996-02-11,0.931358117495045,-0.462564993494791,1.19643556755242,-4.71476892008855,-7.20195142551989,14.0269830771708,286.738518728805,7.4018289541368
1996-02-12,0.999905080716431,-2.66553792801611,-1.07190637979811,-1.40749328392817,-3.98020875844991,14.0269830771708,281.229327144728,1.99971587154995
1996-02-13,0.999905080716431,-2.99546876187746,-3.49800872825773,-1.41387530694199,-4.80862088480874,14.0269830771708,265.177844910523,1.93683876521816
1996-02-14,0.933439823219666,-0.698666009896864,-2.7750122137597,-3.97880255057581,-6.84188466075238,14.0269830771708,258.579544483303,10.289076195759
1996-02-15,0.844598323954043,-0.674598922940176,2.23106446062653,-3.23334066330525,-5.52098998552679,14.0269830771708,229.474843804839,0
1996-02-16,0.462602153811592,-0.37585016041048,0.124197874478289,-3.99220115972917,-7.12281982125065,14.0269830771708,263.343809310108,3.88277572397695
1996-02-17,0.873548606732427,1.31958413118532,2.38343917055795,-0.687296732003936,-3.51389226477734,14.0269830771708,256.005882458486,0
1996-02-18,0.841524724929412,1.539540699963,4.54176123941337,1.2848489554887,-0.698616520413186,14.0269830771708,307.115336461325,5.3822959222165
1996-02-19,0.999905080716431,-1.3895371278897,0.075714721355081,2.42008875239679,0.798504885361926,14.0269830771708,275.49897379492,0
1996-02-20,0.698852975969174,1.35302794371021,0.362242491280235,1.27276782657577,-1.23724149030291,14.0269830771708,218.899726463846,0
1996-02-21,0.0956845676660291,1.26508954733495,0.211466478616753,-2.75326236932646,-6.28893503846579,14.0269830771708,232.420637848305,0
1996-02-22,0.581881399514638,0.294498517969436,-2.86987038055838,-1.52552043169156,-6.03472275650695,14.0269830771708,224.83373528008,0
1996-02-23,0.387376495784308,-0.0483425457384291,-1.88044602883048,-3.22513235662435,-7.12281982125065,14.0269830771708,257.796499419841,0
1996-02-24,0.936272010497332,0.0469264262343049,-0.925571454022989,-2.96840487556626,-5.99820678085547,14.0269830771708,255.454700924209,0
1996-02-25,0.782065171561986,0.125675336689013,1.60049721651559,-2.54426229918898,-5.81982669705543,14.0269830771708,286.208186207986,2.30483047426291
1996-02-26,0.807423494764282,0.779024800287606,1.75649184039556,-0.413317423742864,-2.12158212052765,14.0269830771708,244.257199274415,0
1996-02-27,0.549147185262723,0.778961974823665,2.14337278614469,-0.870444777956544,-3.45961844907791,14.0269830771708,271.316191969114,0
1996-02-28,0.906587445975432,3.39085790337401,5.25538803586164,4.93640023085649,1.65335379015538,14.0269830771708,263.004642779021,0
1996-02-29,0.376701135619903,2.43619073680562,1.50820561672095,6.11078913530261,1.65327448381952,14.0269830771708,267.805900368264,0
1996-03-01,0.702069966908027,-0.527538105209457,2.14075335889184,2.77923273150907,-0.669239387165536,14.0269830771708,300.606699724866,0
1996-03-02,0.946962059890949,0.820332244484929,3.36646923008758,3.16190967335037,1.7667717018889,14.0269830771708,300.297604715052,1.52388997671458
1996-03-03,0.760057415188649,1.63072234135573,3.70886208329943,2.79686476337023,0.5265595751996,14.0269830771708,269.644259046097,0
1996-03-04,0.96174474080544,3.03923221476423,3.60110322058266,5.68070364764082,2.23280003699376,14.0269830771708,272.401326570487,0
1996-03-05,0.939770304585827,2.97205569957102,3.31138769162085,6.93806828451502,3.05377076268397,14.0269830771708,254.035710450445,0
1996-03-06,0.553829638159691,2.13564572913495,2.3446246893614,5.28210882922529,1.64566852581785,14.0269830771708,283.521133068559,0
1996-03-07,0.83251198497058,0.882759710127359,2.8135588105134,1.89876711253791,0.467520112499583,14.0269830771708,300.783761811697,0
1996-03-08,0.73468359896726,2.10292219118609,1.74360315179892,4.44788344781987,1.39315365304166,14.0269830771708,233.36542242276,0
1996-03-09,0.217222514534995,0.992893383810506,-0.536172590886787,2.754814867443,-3.35726908307823,14.0269830771708,236.113059087075,0
1996-03-10,0.665824951436355,0.369189939725632,0.496401533366214,0.432293145209912,-3.27722026641979,14.0269830771708,234.882389369881,0
1996-03-11,0.072772374867661,0.987932892758116,2.38411253513305,0.552266874816528,-2.82989941645385,14.0269830771708,244.721317538246,0
1996-03-12,0.097482298268741,1.54505810769027,3.25639691599533,2.78902973905142,0.0453141798895279,14.0269830771708,296.53352667347,0
1996-03-13,0.706750475989126,2.03669908212263,3.70274586942627,5.24394861767117,3.09420303952274,14.0269830771708,261.652405825296,0
1996-03-14,0.359534009717464,2.05400715814893,1.26587015565337,4.97385208409898,-0.225304263141398,14.0269830771708,260.052359263424,0
1996-03-15,0.598262644718428,2.52935484027324,4.05110278454789,4.63976859301909,1.00396925000229,14.0269830771708,306.362991760461,6.19521893769691
1996-03-16,0.904273662262659,3.14659535888336,2.01938605930112,5.41504063317718,1.47980527396473,14.0269830771708,243.3587888219,0
1996-03-17,0.419564280403624,3.14659535888336,-2.9532151156541,2.57327331980388,-6.59802896622078,14.0269830771708,206.781781884602,0
1996-03-18,0.111269182064156,2.09163242722216,-2.77177088618751,-0.473544810014552,-9.17535597384625,14.0269830771708,205.521037657983,0
1996-03-19,0.0991933836369003,0.871644319913799,-0.900685714795847,-1.06357261121519,-8.52098074252475,14.0269830771708,220.466243102873,0
1996-03-20,0.326034913379578,-0.886513165798971,-0.317590955320469,-1.07555349230953,-7.42754242923377,14.0269830771708,238.993012708744,0
1996-03-21,0.82780045485172,-2.35475814511158,-0.015273164990509,-1.23963387058924,-7.69379269662193,14.0269830771708,242.595124024399,0
1996-03-22,0.706338214203014,-1.57635850010945,-0.310984187133374,-1.31439633461861,-7.66882467420676,14.0269830771708,245.744632942042,0
1996-03-23,0.394717304599095,-0.806316521784149,-0.692631020430198,-1.29889917844206,-7.58288099658212,14.0269830771708,231.610199791014,0
1996-03-24,0.62075079561686,-0.352438326049334,-1.14461546520944,-0.940633429449705,-7.2450384914019,14.0269830771708,214.329097863602,0
1996-03-25,0.00892767659150847,-1.11374701382911,-0.673509971679178,0.121623457270842,-6.49045831502931,14.0269830771708,218.233998804603,0
1996-03-26,0.251830431254406,-0.370467063566956,-1.73102203213953,1.04127611121144,-6.41477173048084,14.0269830771708,239.933088505954,0
1996-03-27,0.411023320185375,-0.0369140202463687,-1.882269708655,2.64154090280595,-3.88111690007637,14.0269830771708,285.319228019727,10.8024003773498
1996-03-28,0.999335724567782,-1.39931207986574,5.0649814928234,1.83210815357024,-1.31998233148185,14.0269830771708,292.718823161218,16.27917561477
1996-03-29,0.965441202298928,-4.60477429113589,0.937863475456526,0.59327681438346,-1.85671890799712,14.0269830771708,282.539905645747,11.6078460396906
1996-03-30,0.911557364459295,-1.70561975199261,2.05660520734801,1.15165877851509,-1.33064913479752,14.0269830771708,250.706543895649,0
1996-03-31,0.408580117132476,1.31102698273787,0.580025501169519,0.384272349252265,-3.40150857187147,14.0269830771708,225.533100348541,0
1996-04-01,0.517242200947695,0.385175767588793,1.98439543491515,0.530581110607393,-3.3179961260285,14.0269830771708,296.502238275155,10.608841919265
1996-04-02,0.999905080716431,-1.27749675187853,3.53866013090288,3.66276616265705,1.30891025864289,14.0269830771708,333.207474494379,3.1787778620088
1996-04-03,0.969758622588411,-0.805782774346898,2.8824712438908,6.63557866135419,4.33435637958248,14.0269830771708,344.275759727516,8.0401834718828
1996-04-04,0.995442655034836,-0.304788785655042,2.24476639174453,7.47792563065968,5.41015034197472,14.0269830771708,340.448343045629,21.6240088045403
1996-04-05,0.999905080716431,-2.37771710077166,-0.912665466569088,6.98301904540719,5.21120802570077,14.0269830771708,325.272226947184,12.0651767242362
1996-04-06,0.999905080716431,-3.07916171740441,-1.24432288100917,5.7626238165634,2.86712027148397,14.0269830771708,326.361880008176,1.35146979804626
1996-04-07,0.997247615656896,-0.901635040388195,-1.75214372377692,5.83945097724632,3.25206769195191,14.0269830771708,324.259802808897,0
1996-04-08,0.954762560814286,-0.664408594998695,-1.66186555054904,6.93756416173899,3.43784506062373,14.0269830771708,309.971149795211,5.63402217686487
1996-04-09,0.979984527778279,-2.44757339377655,-3.03754229041185,3.60391582059607,0.0942416836967978,14.0269830771708,293.705915617091,2.49740747011743
1996-04-10,0.907806842055151,-1.94969882849489,-2.71106730590783,3.17301446393836,-1.74190913467905,14.0269830771708,247.701719759275,0
1996-04-11,0.642591654689205,-2.22214375006079,-2.60021014312208,1.63793216773953,-5.24295016964734,14.0269830771708,221.975743765304,0
1996-04-12,0.146888976907383,-1.58804408134083,-1.793882070972,0.460044438050278,-6.88115216824735,14.0269830771708,223.087971975365,0
1996-04-13,0.245255677200224,-1.85393518425372,-0.285145549426291,0.93613987460512,-6.79023423653457,14.0269830771708,247.655687350075,0
1996-04-14,0.35486896410078,-1.84045932694832,-0.913026565839049,2.74377616438424,-3.84363282041271,14.0269830771708,292.105007473875,7.8532136633595
1996-04-15,0.812069443789288,-3.19253417109562,-1.87352509820539,4.67280426204313,1.1639725104789,14.0269830771708,327.37979315128,14.5736739570394
1996-04-16,0.999905080716431,-1.69401024270501,0.142824195848372,6.37782797506946,3.91937557068893,14.0269830771708,319.506298004291,1.85802310121054
1996-04-17,0.976631238165294,-2.11473742892704,-0.75255527451716,7.16390734525544,3.37284830188583,14.0269830771708,316.90391746164,9.29943421167232
1996-04-18,0.962386103240375,-3.93744364317404,0.608259807607011,7.90676813781017,3.55436707906079,14.0269830771708,314.953086715155,2.61246898525368
1996-04-19,0.99674487456376,-3.30276919943298,-0.120081576381423,7.8680410488558,2.34254962853439,14.0269830771708,300.133918042566,0
1996-04-20,0.852292230398578,-2.36300305259521,-0.540193434016292,7.55681996095364,1.24969458036897,14.0269830771708,289.583807261899,0
1996-04-21,0.638879864070591,-2.63104376992264,-0.690994679816977,7.48371852331396,0.992499437817807,14.0269830771708,287.584940542044,0
1996-04-22,0.825730937419273,-1.96513782323925,-1.74611994586137,6.93977978455566,0.51686318485154,14.0269830771708,290.82805587487,0
1996-04-23,0.838797606141038,-2.07368086844717,-2.85397706894884,6.21365453994837,0.164187145530605,14.0269830771708,321.008639919698,18.0160914012818
1996-04-24,0.999905080716431,-2.7250007102323,-4.09427390816277,6.62930401564707,2.89083068303044,14.0269830771708,334.021990653804,17.6135716871774
1996-04-25,0.998055359141185,-3.448037783616,-1.89578589109565,7.8680410488558,5.43566728802855,14.0269830771708,320.171033625524,4.76776450544599
1996-04-26,0.752738074572227,-1.30996656281446,1.72384398064455,8.13457923401547,5.16403751943198,14.0269830771708,300.24331627437,0
1996-04-27,0.798368604032211,-0.88262167971662,-0.328839943843937,9.54588254070239,3.84919226550267,14.0269830771708,317.150055022569,2.72899091224598
1996-04-28,0.53009542456902,-0.919997422032694,-0.815241827294564,10.4114731724154,6.58783575375989,14.0269830771708,322.42630141849,0
1996-04-29,0.83887345206189,-0.954340489239046,-0.740006717995134,10.9368922687137,6.72334698187888,14.0269830771708,299.96486715528,0
1996-04-30,0.581724280675462,-2.46179910262038,-0.356617826003175,11.5883909271817,5.33086731278462,14.0269830771708,292.495853479155,0
1996-05-01,0.505067044220436,-3.71960796950366,-0.150804171145412,10.5980648218593,4.56495268715202,14.0269830771708,249.79897919351,0
1996-05-02,0.3839683542621,-3.53156082210324,0.128046595518151,8.27320591988678,-0.362571051974671,14.0269830771708,269.861080012229,0
1996-05-03,0.983365943762496,-1.70241734208815,0.551389893542911,7.89277949578272,0.992246279053079,14.0269830771708,301.456483453614,0
1996-05-04,0.867617837301303,-1.46397321728548,0.765776455469366,9.23517032859588,2.78310729098877,14.0269830771708,313.928001047799,1.06807888971302
1996-05-05,0.964908085021158,-0.886513165798971,3.9254144706982,11.3582785002075,4.91267753388636,14.0269830771708,334.980479079976,8.12091214243104
1996-05-06,0.988853441990464,-1.47015584507319,1.14174610793557,10.5461660081409,7.56357859336488,14.0269830771708,353.700622277519,6.95092788618679
1996-05-07,0.998055359141185,-1.0238322548609,1.83782956131511,11.243145029112,7.84532844129426,14.0269830771708,308.124004217253,0
1996-05-08,0.517666842936828,1.71746194843631,3.8119108336975,11.0912929602078,6.21520402858075,14.0269830771708,307.116177891981,0
1996-05-09,0.928711703718448,0.828550206606353,2.50644013719997,9.69655250437683,5.54007055843178,14.0269830771708,293.365066433568,0
1996-05-10,0.475521408640554,0.102233801792359,0.583289082957445,10.6601495060912,6.03994103542437,14.0269830771708,314.99116880237,0
1996-05-11,0.982208515816599,-0.772471330460618,1.58571993826308,9.84547415381232,6.09492252775934,14.0269830771708,343.548444518311,13.5571835740434
1996-05-12,0.953937999721171,-0.428236218355359,2.86057480354404,9.69655250437683,7.78949037930304,14.0269830771708,308.11571067768,0
1996-05-13,0.562114312281407,1.71027274951965,3.57573651902709,10.3955040432124,6.42016359014211,14.0269830771708,284.024654769184,0
1996-05-14,0.418330345795107,0.775265053681616,2.60848422542161,10.8688657839597,6.29641726325368,14.0269830771708,300.31815462278,0
1996-05-15,0.771430295547669,0.53604675341596,2.64163475453325,10.8897289014396,7.04148798866308,14.0269830771708,303.508565909677,0
1996-05-16,0.491409152239504,0.925777541235903,1.9209951471844,10.763269813136,6.21520402858075,14.0269830771708,305.184042194986,1.08446809060082
1996-05-17,0.979827630863274,1.91141082630973,4.17607113763379,11.0245661721801,6.0751652359885,14.0269830771708,300.016321814047,0
1996-05-18,0.889597471414987,2.09236587083557,2.13205847934229,12.5002474665471,6.55440848329482,14.0269830771708,297.499899120773,0
1996-05-19,0.536519052621875,-0.210211752271249,0.972309909486337,15.5229216607269,8.68944191636861,14.0269830771708,324.897304069545,1.50052109994731
1996-05-20,0.710987056358324,-0.88838411320525,3.63665365753899,18.632682656968,11.2923156751654,14.0269830771708,366.355291965899,5.6001781728629
1996-05-21,0.968961742150658,0.329971230500138,1.94608843909705,14.0627738287709,11.3587670039143,14.0269830771708,368.321315017533,8.4817752848433
1996-05-22,0.983365943762496,-0.280417623381226,0.514349773911831,13.329593338425,11.5807075790177,14.0269830771708,319.836124963105,0
1996-05-23,0.528124757023932,1.0061868755655,3.63076906217218,14.3899092440228,10.7329872752161,14.0269830771708,302.472805472021,0
1996-05-24,0.284112617047444,1.39995485817107,3.42899210705932,13.7583072148155,8.44018774802381,14.0269830771708,314.99116880237,0
1996-05-25,0.973141152904162,2.0102078515065,3.74747692903054,13.4534907497063,8.40921742755583,14.0269830771708,342.605666492337,1.41228789031514
1996-05-26,0.877523327648528,1.78207345110325,4.01699548171569,13.9056607434275,9.71511090996006,14.0269830771708,350.89589918507,6.85664739163727
1996-05-27,0.751297733109336,0.821833204979406,4.27985015685633,13.9056607434275,11.4930430407509,14.0269830771708,290.133707563591,0
1996-05-28,0.76071595391861,1.9319860589101,2.83257512791656,14.7390567128398,6.88889990957933,14.0269830771708,337.687319742185,6.12619900938214
1996-05-29,0.964138940393936,-0.41066320631326,3.13440195463914,13.9513230221615,9.62315635900931,14.0269830771708,340.439037704957,2.53278615748738
1996-05-30,0.909662876592952,0.768962972695319,4.36777971379902,12.7933920848468,9.1392025683565,14.0269830771708,317.129675753724,3.86445411679389
1996-05-31,0.691178727719301,0.395614485485145,4.25221444505214,12.7420008962759,8.64133750794146,14.0269830771708,283.57086764599,0
1997-02-01,0.0162148344172325,0.916856798464,0.855522762600662,-3.26417938054155,-7.13640801115536,29.3711131861112,274.842350540196,1.06807888971302
1997-02-02,0.905631354307319,1.84383912336953,4.46220272819377,0.895881291743592,-1.34017550801495,44.4106979261271,254.694905664313,0
1997-02-03,0.637284007851965,0.828894728145494,2.17798632280003,-0.442827169210996,-2.41211840132874,39.968647565575,283.891221687161,5.6001781728629
1997-02-04,0.917816217509126,1.13495628050843,4.41576365599766,3.42886201997371,1.53834132767395,21.0998917740565,311.553751318096,5.70891514039769
1997-02-05,0.861986305896499,2.74774249127618,2.60848422542161,5.21171941518175,1.36376178241746,50.8372078204652,246.447603803328,1.36465906085125
1997-02-06,0.608998471819143,2.85743998436241,2.97420984615033,3.50613048734169,-1.8440290022403,44.0171180150946,298.767972271854,4.39053444892731
1997-02-07,0.781724898628785,2.33402444921759,4.38557928151157,5.73421511298696,2.7652890075298,20.8147768419529,303.188988858166,8.01884874248245
1997-02-08,0.814702303988583,2.91299683045533,2.66100604092,4.28033303207011,1.15314687949108,53.6808658911514,248.122089208931,0
1997-02-09,0.710739889787236,2.10289854792805,2.11502685541674,1.30766297565087,-2.47228104868762,46.8824996955174,281.519999986258,0
1997-02-10,0.780835891968556,2.862050469747,4.1698021916685,5.61331457176825,3.09623767503753,31.9739480076072,305.184042194986,0
1997-02-11,0.924839108469993,2.02503164766656,4.83007285159433,4.88161082358852,2.54835568010833,19.5984801912746,334.726840367686,9.46845100558313
1997-02-12,0.82104600498089,1.74835740650734,5.56384916880817,6.34960794409866,4.18436885767005,23.280618708946,286.759542874346,2.9458118831602
1997-02-13,0.764769938938902,2.56093391464063,5.93270554321746,6.03856746706213,3.51793903509978,42.8172574345291,297.859000923862,0
1997-02-14,0.663787499269719,3.35468040121227,5.03958163112006,7.2974372354209,4.46964124187752,34.6429039966466,278.245438951964,0
1997-02-15,0.490121736156484,1.16358222044787,-0.5433943314774,2.4328312294245,-0.312123421607653,53.0774177719743,245.960763296546,0
1997-02-16,0.995780762799356,0.659138207950293,1.83723042583248,0.497951015061083,-3.70382510100641,27.0416470887449,311.553751318096,0
1997-02-17,0.989784200805922,1.88952618954551,3.60097740474528,4.44270172433025,2.45259030590781,42.4767857755261,309.347218981858,0
1997-02-18,0.807758254555866,1.84483371593818,5.09602127140645,5.7626238165634,3.28880460626376,27.7491167815058,324.897304069545,1.00548862187548
1997-02-19,0.996561580507572,2.4652264369287,7.20389446547355,7.91121308284789,4.6335143777545,53.7367841253811,278.122798777733,0
1997-02-20,0.655198978462105,4.2198886345455,4.98891979275933,7.81876370266074,2.04813097408849,76.4926271611328,239.680474918288,0
1997-02-21,0.364643882703707,3.88245466951803,2.97420984615033,5.80698154920537,-0.351067638860873,62.9502983331167,283.104042305192,0
1997-02-22,0.939189114467386,2.58015933272211,3.70274586942627,6.7236968967558,2.84711555425129,27.4459808634774,294.760125868574,1.61443161737776
1997-02-23,0.651104577845583,3.90405672754669,4.9432388190596,6.01755514644822,1.15314687949108,30.7573242366415,281.449970780754,2.71891383359274
1997-02-24,0.530621230357275,4.15855401134729,5.84745550890285,5.73421511298696,1.79385393254153,49.3767746789007,262.093015754071,3.74905435019321
1997-02-25,0.517242200947695,4.15855401134729,3.38150633312291,5.18966727701212,-1.12872172571933,68.857108383468,266.055477070288,1.10634342753161
1997-02-26,0.606504544910964,3.13441950319046,3.69424530477178,4.97200743670211,-0.434193838470768,84.5849950762796,267.507383512672,2.79456490651954
1997-02-27,0.687266825158698,2.63046321662495,2.18208949584912,5.47642465655475,0.609848788485507,95.4921311318557,255.07612962041,0
1997-02-28,0.373814983337216,3.64972601752159,3.64109450785532,5.89684438253839,-0.45232095411298,96.6457735355124,235.819209093548,0
1997-03-01,0.0906758116205035,4.96057789824338,-0.737619034835477,3.81611548846472,-5.42755746795271,101.160971485292,225.652571118656,0
1997-03-02,0.244171320418004,1.02018255973497,1.03642152738126,1.11728597432783,-5.34732979813556,101.61051509824,243.83911065151,0
1997-03-03,0.825751112879345,0.408750008071163,0.887942567078374,2.89232693622418,-1.57692450956409,60.0022940901042,288.83568711096,0
1997-03-04,0.921507165330018,1.97638629020226,4.6183754010598,4.63174848481996,1.70660272904377,33.6580355896267,280.751932786882,4.31945938444666
1997-03-05,0.666818378803569,1.75824954755014,0.92966937717823,2.52534830327193,-0.588832634782469,72.6758357330373,278.312846938999,3.18378426572164
1997-03-06,0.247842851268128,4.38086948635309,3.83239293095333,7.43985706028951,2.51013164259581,110.0302864316,263.337402486815,0
1997-03-07,0.744202532309293,3.03537604704586,0.185016778734207,6.63557866135419,0.523194426761801,102.388880993757,255.804558572142,0
1997-03-08,0.653766782346966,-0.298079089578824,-1.3296840596688,1.90992233375479,-5.56021146438271,124.626748139449,222.697542044705,0
1997-03-09,0.351566045073726,0.0319286358321911,0.459199618110365,0.418076648897924,-6.1559954343422,41.0291748274688,270.692410806116,7.86608505373149
1997-03-10,0.946962059890949,1.63072234135573,4.03203059087622,2.08567897396784,-1.83809303484289,98.5237150218418,236.709573670626,0
1997-03-11,0.633854264312872,0.610867952128632,-3.70866688347554,-0.631743921747872,-6.41486644011631,112.667144248862,226.665898908216,0
1997-03-12,0.954586873275711,1.3390121390808,-0.733051514065286,-1.25771475050933,-7.54051583766493,100.340655655654,242.02925101019,0
1997-03-13,0.756337300348792,0.923372632289245,-3.04141260474292,-0.41506755949643,-7.60469625058832,130.577477948068,201.915291694851,0
1997-03-14,0.598033239078069,1.1383787797692,-1.99310432688483,-4.21972588959149,-12.4515032423505,134.655171249281,220.177808355687,0
1997-03-15,0.837024951346651,0.822504177869652,0.0587742657082289,-2.23921870415701,-10.1885235251518,98.0965341495239,262.093015754071,0
1997-03-16,0.846022804094487,1.67044739766104,2.72352759813108,1.0049924180594,-3.03722231004178,117.775826394804,261.158952926718,0
1997-03-17,0.96397708803812,0.650885068877123,-0.186924101664148,2.10271843334254,-0.965873301945761,146.881640619411,248.676858494866,0
1997-03-18,0.472928446685798,1.83784700542758,0.224215800809862,4.06747316980934,-1.25173138542323,107.256553634235,269.562412054985,0
1997-03-19,0.997325562325511,2.03432517322231,-0.114597652880927,5.85756055354784,0.49926027609617,139.620090454653,263.509592032835,0
1997-03-20,0.54011984508959,-0.00776165042578645,-3.32108401418379,5.95360200631295,-1.7599343422536,123.841963372142,256.349025837638,0
1997-03-21,0.919584613244711,-0.0946242006867123,1.97797203799581,2.22284887887085,-2.30506119312839,102.937167522727,282.539905645747,0
1997-03-22,0.824533946343924,-0.538119052868816,-1.92079831984942,4.01466766980698,-0.716345151096492,113.575197040914,277.455506004911,0
1997-03-23,0.817897575207007,-0.553295628952769,-0.913038929557424,3.20342225405657,-2.45002208231006,132.538235114251,251.34772005853,0
1997-03-24,0.794631488392312,-2.68563287058392,0.361239212946737,1.27276782657577,-6.09111173029807,158.240482741522,226.34723229445,0
1997-03-25,0.641936699546884,-1.16653197916717,0.23745514153237,0.502916840021738,-8.12624598881998,114.575063548903,250.535532785804,0
1997-03-26,0.786687430868513,-0.954581081882297,1.25831612962732,0.940545835583377,-6.87920420741591,155.294851766792,233.580228118427,0
1997-03-27,0.411023320185375,-0.605486765898182,1.23698466314683,1.1090858147287,-8.1356571143675,130.510458112906,250.382545816958,0
1997-03-28,0.756501750152908,-0.977407774197953,-1.56528178896983,1.57901320406765,-6.6933781489359,143.450660982207,252.458179183425,0
1997-03-29,0.542074026783577,1.42801903441635,-0.272121843183143,2.10981299507773,-4.73648663743018,176.214782084202,231.368905170907,0
1997-03-30,0.383250904221471,0.283287477966773,0.74664950783278,1.75987410796253,-3.15608456585998,122.952208783377,283.418838054324,5.93579513153129
1997-03-31,0.993373320148801,-2.69090852905313,-3.39926195691529,3.21713375111303,-2.16346878833983,28.6994106903595,319.503184520106,19.2815493757886
1997-04-01,0.994812785724157,-2.43593583772103,0.254810000902437,4.75569869029067,2.41376510779692,85.7237227559327,303.648783388616,4.36765118558137
1997-04-02,0.809640786087398,-1.39750215523829,4.28561901375616,4.96652898937962,1.90914350230621,147.420606323034,289.516495093023,0
1997-04-03,0.906546346442457,1.26539725862537,4.40371145818457,6.0901657202498,2.00058449539401,98.5237150218418,304.6762336914,1.26598491806257
1997-04-04,0.995530844545109,-0.054133891929408,5.4675467635544,7.36750248353476,2.82061885933572,50.8372078204652,324.777748242178,1.62785828410252
1997-04-05,0.988073455424659,-1.88616505108721,1.7960918932836,7.41368975114135,4.05869717413376,27.9635994776256,338.87841631018,5.09868635472999
1997-04-06,0.999335724567782,-2.16864007526775,1.46536003342227,7.70386540005635,5.73262915014022,42.0827382822956,338.902779462782,5.82768480570317
1997-04-07,0.999905080716431,-2.19035226897837,-0.046899334207917,8.5776884151804,6.1447653463456,60.6942455130213,326.827167882064,6.18044450267399
1997-04-08,0.980780044997411,-2.28196117030222,-0.23883938990014,8.22309954905889,5.01700789915374,144.614632151623,292.828230710008,0
1997-04-09,0.709184187038754,-1.62751447838707,-1.11937224309041,8.06775673399896,2.24274620597687,212.999563700596,255.732497639422,0
1997-04-10,0.349047194345161,-0.379345811776446,0.5017856308675,7.33608590820104,1.48488032141537,183.180527122537,271.000940637434,0
1997-04-11,0.652727183132429,0.309910731835993,-0.693619826947152,7.10962797694759,1.50046068052518,143.357436015602,280.180400337574,0
1997-04-12,0.404320327875879,0.178780757979652,-1.39866167303631,6.03346000779996,-1.85671890799712,202.179071821595,239.832303369439,0
1997-04-13,0.2939618602398,0.249099428607099,-3.60932755544844,4.70382640394531,-5.08804181833589,199.043431003139,227.413475723451,0
1997-04-14,0.290855929554669,-0.825126110011938,-3.86448487064829,1.35560628218754,-8.89722318648455,205.611002504128,226.202883432863,0
1997-04-15,0.638000562241554,1.71337110757311,0.632784879938385,2.78410038236793,-6.69732102314766,236.260755010554,234.6921068981,0
1997-04-16,0.108249699564818,2.26665879559277,0.717897515709768,5.58840700021379,-1.933856082119,209.534652080678,254.161902008519,0
1997-04-17,0.265939206710405,0.6813544102509,1.26748671703594,6.78381350159653,0.0736790746713382,183.738079193746,275.556025705897,0
1997-04-18,0.552724582120188,-1.05743448095213,0.831334596542766,7.2974372354209,1.80415177624733,159.621115527289,296.045467520425,0
1997-04-19,0.686200074039407,-3.0282385585685,1.66669468666052,8.2897303620463,1.64539334155529,134.654429755874,291.108505823499,0
1997-04-20,0.807240743642784,-2.53984326372328,0.389819932200768,7.66186902631133,1.63645220608787,156.62959253139,303.552359865772,2.08605513056951
1997-04-21,0.828783431224105,-2.99506520192922,-0.56674213896985,9.23008780178107,3.83735540675859,60.3405576736213,332.903824324763,3.28791251607789
1997-04-22,0.952557733864581,-0.480173173561252,-1.31928434492583,8.32478178899236,5.84094397578409,171.166744502001,300.363463245437,0
1997-04-23,0.522592223095154,0.359237319891347,-1.44715408423735,9.34329831368978,4.64906117267304,213.382237820818,269.854667759602,0
1997-04-24,0.299246426560798,0.593108643825916,-0.352310677720555,9.20687783710921,3.06211609781016,218.620006703801,276.382061470818,0
1997-04-25,0.453450042398214,1.34798578183469,-1.84965938354784,9.21906594817,1.9477034721893,235.688982548955,264.338281085511,0
1997-04-26,0.600175578469709,1.60618931201727,-0.911531814218947,9.35104696542893,1.30324026956946,230.861754071294,284.145794855441,0
1997-04-27,0.356760680482963,1.4844301071925,-0.471112589368854,11.0245661721801,3.72132000286769,230.532577674515,284.990594291754,0
1997-04-28,0.542074026783577,1.48410358093466,1.21953121306569,11.2997476812229,4.14655519647817,268.332790170156,263.075193913428,0
1997-04-29,0.340772792286683,0.82078138408377,1.12183890572413,10.5461660081409,2.75945879576293,241.972539185836,284.721506506869,0
1997-04-30,0.617566172421848,1.94661808099819,1.33141367844903,11.5592970309263,4.66478440666161,248.684177742338,283.22581010449,0
1997-05-01,0.132816854259715,1.19476883379092,1.7404860079429,12.0321464681286,5.75111923858096,237.176347305761,291.360237364234,0
1997-05-02,0.622871988556087,0.839421543119173,3.20202097200469,12.0321464681286,6.42233852753886,159.765340479724,301.427592591187,0
1997-05-03,0.595480458708396,0.685901371223427,2.06749966164141,11.1712816744045,6.1848341301241,167.300986128963,317.32600181076,0
1997-05-04,0.83769064381551,-0.320858450624722,0.995180653034926,13.021279041576,7.42861482403399,148.467205889856,334.331897952471,1.11147721809524
1997-05-05,0.988853441990464,-0.526880733787484,1.83563855724102,14.1011402257744,9.13744102971761,180.504358035466,327.56563787953,0
1997-05-06,0.445010555871135,0.581791088106038,0.170590096435628,14.1173614166204,9.9566951654455,274.226534885337,290.345511394174,0
1997-05-07,0.546836319196654,0.720769376890847,2.91665332390731,14.0527265748151,7.50152441311394,238.309457490256,295.862853102755,0
1997-05-08,0.668252610087963,2.19839109978821,4.21732713282869,12.7908880446344,6.87888700590848,173.91126745405,321.600271927866,0
1997-05-09,0.724527516479164,2.81355439735871,5.56384916880817,12.3396372261627,7.02771705429683,165.9871687479,315.177710140621,0
1997-05-10,0.53103231206365,3.19812547971233,5.63726391916041,11.8375948484843,5.70814279295742,270.906819749779,269.644259046097,0
1997-05-11,0.168257203224815,2.58963988455427,4.53100745767678,10.8680906079495,4.29889847491804,245.347189755349,283.22581010449,0
1997-05-12,0.476879627980846,1.88792517367476,4.36385316899832,10.8465868808418,5.34203722055566,264.281491258967,299.079635309154,3.04109090907495
1997-05-13,0.756002384691799,-1.13207675633802,1.07625731036578,13.4983014150031,6.08403913575061,51.6470278056795,359.402636296428,16.3134096043784
1997-05-14,0.99711140751295,-1.1820106703499,1.30505229412907,12.3415676510402,11.0772201650952,179.343976834638,351.176894683086,4.84519232923719
1997-05-15,0.974268008036485,-0.80143698410861,2.24402022330154,14.8911665957092,11.3587670039143,219.773303857955,298.601858193497,0
1997-05-16,0.458692160246498,1.95391158744127,3.71168921547474,11.6066695531472,6.16736136056734,292.589739169694,269.679231876408,0
1997-05-17,0.256827280647466,1.16358222044787,3.39783126049307,11.5279745955851,5.09782472057499,250.659577454996,301.752391896156,0
1997-05-18,0.569046174829304,0.756390647956213,1.6369682374855,15.0788761522896,8.31200512917521,209.060409941422,329.069187699673,0
1997-05-19,0.680828340073897,0.0943494875673847,-0.687462019820742,17.2967871821672,10.4773182541629,262.008910288127,316.496859612617,0
1997-05-20,0.558061586546193,1.55431130850764,0.305256018314068,17.4074701132364,7.98400882796109,257.950924468352,290.565299348254,0
1997-05-21,0.450881009039441,0.0484317247118526,-3.98195241028013,13.0765587458704,2.03981332646114,280.255823448955,284.089148556702,0
1997-05-22,0.198869448757528,1.32153005537841,-0.636272483029493,13.8110863495689,4.45146053962893,304.177817620334,272.82762908041,0
1997-05-23,0.0554679600242604,2.30074340972713,-2.13213030437961,13.6644684250552,1.88480148247118,277.823139809083,282.266171470271,0
1997-05-24,0.343956118792608,1.00350865800205,-1.64964730984923,13.1225722899018,3.52759421521361,290.209461795858,281.321707881332,0
1997-05-25,0.201930075334017,-0.339832660059667,-2.39015754131796,12.6398841256236,3.92698946869798,210.862057918048,296.286150867695,0
1997-05-26,0.437511520544689,-0.600622321574273,-0.122812051860919,11.9738957186798,5.02583786724598,268.35277888645,296.53352667347,0
1997-05-27,0.466111233295983,-1.6683443727922,0.91344758333691,15.0181581717516,4.45029676699773,226.372561246887,301.788376952301,0
1997-05-28,0.726562720490564,-1.22075791315971,2.35557071807622,14.5577503575377,4.7947684069867,234.033562989904,315.779637862626,3.74981754813375
1997-05-29,0.779480442111293,-2.55433052270125,2.47275948739186,15.618320700124,6.77648956682286,82.8131801374234,366.186498864468,7.83567495703933
1997-05-30,0.920516717611301,-1.64651043312192,2.41776517063785,13.3035061021817,10.8558254061617,139.62889508378,345.139999164633,2.79791146053921
1997-05-31,0.681917086221561,0.280288733299687,2.78583072243588,13.4635077559816,11.1046008949144,219.268418834761,320.684383326352,1.15405144382549
1998-02-01,0.97416484124375,2.49087965061021,0.986454805378399,-3.29050268314695,-6.69808606604716,39.7445446567845,216.563013384133,0
1998-02-02,0.517935832495591,-0.350570508884748,-2.44097464800586,-8.36874592477061,-11.4676089124699,47.0947827514875,195.053244151366,0
1998-02-03,0.267163719944469,-0.678954406149045,-0.726887058501697,-9.02376617971619,-12.463206263839,19.6043529182556,277.003720320225,8.38106502819398
1998-02-04,0.910577438011461,-0.0987624841195856,1.59731786234065,-4.68615569896847,-7.05589231528957,44.7911863791087,247.54543839665,2.05383656611184
1998-02-05,0.693010109431463,1.70020441647757,2.44993616015584,-1.93928931894261,-4.96218082991673,21.0211619432951,311.520430495584,7.93510204104951
1998-02-06,0.998987838533953,2.18365137699982,6.73275637701577,5.06514088261878,2.83100860328317,45.4360346164981,277.627561277204,2.49854767030349
1998-02-07,0.587004553217168,2.68441835207182,5.25149662970464,4.77507741206946,1.80317281328883,46.8593007891971,242.82228913967,0
1998-02-08,0.501675451227967,1.8163238155373,2.78078219854768,1.12128227638196,-1.2198111907479,24.0446815276398,306.268534273087,1.23546114341429
1998-02-09,0.989210052908311,2.58015933272211,6.49319837562788,5.92133441819644,3.73471293562496,40.7988386255885,308.124004217253,4.48676272329823
1998-02-10,0.992893967554203,1.85407017595171,4.46745436596239,6.80961256204969,4.62728237529119,48.5337347108053,281.321707881332,2.73346689889479
1998-02-11,0.437797540985647,3.53643936882843,5.64802624816642,5.43857134693295,1.64998532447278,61.0044255041566,233.897808011563,0
1998-02-12,0.0280146368126541,3.95737257553985,-1.63964867570276,4.89518788383892,-3.46139003224296,63.5611981321453,203.589336230074,0
1998-02-13,0.100623264599223,0.218486985596115,-3.0128105021824,-1.34886920676202,-9.58005921724995,50.9197845919703,243.984060906396,1.99726322526424
1998-02-14,0.771426630354051,-0.905626808409565,4.13133458334339,-1.21069356639798,-7.20195142551989,32.7020521276664,287.97899728052,12.500337247319
1998-02-15,0.835056586116128,1.85173436086482,4.98594564445378,3.85946175373125,0.498688618269219,33.385462390061,265.715685458628,0
1998-02-16,0.866780335830354,2.11463922193149,2.90653254828618,3.19281152992376,0.523194426761801,54.8340967842081,274.896376442917,0
1998-02-17,0.770248038684081,4.03914725708832,4.03162675409574,7.49951859470429,2.77136786749448,71.8155135222475,251.744239710505,0
1998-02-18,0.499210757276945,3.56833933502193,1.61944195438918,5.45966099557387,-0.343424562678064,37.0706881272581,269.272761424507,0
1998-02-19,0.831700376201243,-0.0956069100714645,-0.101112534556932,1.06253029274851,-1.19582488795764,34.4797382526112,264.479636267807,2.49854767030349
1998-02-20,0.58744843467648,-0.874746396906176,-3.69297159859817,-1.13612633578349,-5.99820678085547,82.7929556184263,210.368496064455,0
1998-02-21,0.338644474022485,1.1420933909991,2.95677137547913,-0.732399088900848,-5.48417525552364,35.662584779802,285.752346023306,11.3220127286442
1998-02-22,0.853493010116599,1.51218552733792,5.54607893320925,3.46750048414743,1.35750613319743,59.3226988910975,262.768125861008,0
1998-02-23,0.834598995217801,0.0438970716676956,2.26253906089361,1.11728597432783,-0.965873301945761,59.3156357662832,265.972126433693,0
1998-02-24,0.657877410122051,0.147597347222545,-1.90698404143267,-0.236027339991735,-3.64480570872216,83.1138135919551,236.800436131089,0
1998-02-25,0.739372218786323,-0.717224751436345,0.963219129633903,-1.41387530694199,-5.46591099276759,46.2229138083911,278.031092893745,2.84988926591297
1998-02-26,0.651104577845583,-0.172864640445071,1.98231486856442,0.562934486379627,-1.933856082119,45.8644077530291,285.318668924857,2.10838181095324
1998-02-27,0.899339515003076,1.09403062454633,3.32431283622373,1.28054611153951,-0.698616520413186,28.6341153451913,313.911728990961,7.31496548844889
1998-02-28,0.998401369902605,0.499319987979973,0.936684882786491,3.11412814578021,1.46282439008645,64.1881625624789,273.718990024541,1.08680092593774
1998-03-01,0.666481549690968,-0.220607459980988,-2.85397706894884,-0.725003406944307,-4.72054347017625,107.665333790159,199.835122995605,0
1998-03-02,0.000385213857337006,0.643629917764913,-2.38207071620619,-3.2213764436066,-9.70067434282272,110.56468960683,197.407802097871,0
1998-03-03,0.00297144151536978,1.73913801562919,-1.48731716337337,-3.99174326837001,-10.8473882957571,92.335835682814,255.673035400078,0
1998-03-04,0.992960604618451,2.32186653543422,4.87512464137644,1.4029533142812,-2.60307052724167,39.1537264270612,318.970718626347,3.46875233505875
1998-03-05,0.976526487775469,2.44426420835172,4.42572086386823,5.9666603388492,3.83748826898102,82.1023720977899,291.226681696506,0
1998-03-06,0.930637237494834,2.41036171572337,2.17798632280003,6.193086656796,3.46108098772965,42.6701289298642,295.155974205502,1.07377892477642
1998-03-07,0.717365139542216,2.92827285411517,3.15178704592658,5.57396217343633,3.05753912405529,104.792807896116,230.676843421562,0
1998-03-08,0.445033784153541,3.01143110615205,-2.36710605844093,2.56881992153054,-6.09111173029807,124.699661066462,225.2473192838,0
1998-03-09,0.355239291392415,2.39505988663293,0.926750606825964,0.776363950875994,-6.87492541133097,80.1331400636646,267.507383512672,0
1998-03-10,0.653186438004838,2.64670425022476,0.632125055452817,5.66617848360238,-0.139068826034853,121.667280640559,254.641682476252,0
1998-03-11,0.54642721869755,2.71782974947961,3.30100476203882,5.49828955584114,0.914680689965027,112.94138861276,259.166495881658,0
1998-03-12,0.771426630354051,3.19812547971233,0.810637818098824,6.03737520618409,-0.728460126259852,133.606695974493,232.738967764286,0
1998-03-13,0.428873448568883,-0.671161969403063,0.629377701410813,1.99931085062674,-4.98906588839097,128.644973126909,253.58551597471,0
1998-03-14,0.569003260397211,1.05839549213848,2.76491465005261,3.34357519439437,-0.355338104748748,126.805855391167,277.003720320225,0
1998-03-15,0.406826666409771,0.238888581777567,-0.347363912288135,5.14037503150506,1.86740125396801,103.59160763132,291.950282336294,0
1998-03-16,0.814083692135825,0.300005696543829,1.8475933108695,4.7830697600741,2.57475095974832,134.152916250081,266.738520870691,0
1998-03-17,0.411280697615482,1.64537579630741,-0.658759842261835,5.63829145073291,-0.337274320991909,142.669336026457,242.995017417157,0
1998-03-18,0.851495949221001,1.54505810769027,2.35760966516489,4.78834805327291,-0.62412610098414,149.988555010456,246.178112546191,0
1998-03-19,0.0393630347793239,0.442665405077814,0.268368128686901,4.74699290632203,-0.113072054208512,131.132769617261,263.403349862838,0
1998-03-20,0.244555332261989,-0.240160676287597,1.55733708353565,5.04145015242538,1.55666842605507,65.4561219974564,301.427592591187,0
1998-03-21,0.803786108691868,0.907933297242941,2.19048251326337,4.7830697600741,2.77908135958111,155.88922942768,251.77188088294,0
1998-03-22,0.0246502319447812,0.566369000986982,-1.92018768061871,5.23341710532669,-0.637317003536241,160.814942462513,244.705822475383,0
1998-03-23,0.306529600851491,0.707655043556405,2.1971292142231,4.77926379602118,-0.132984726254927,106.643472725582,293.967298088857,0
1998-03-24,0.773704564913193,0.581259831028771,2.37540894403615,6.21423932807452,3.09577122917058,92.2822341022914,300.709296413011,0
1998-03-25,0.802211844657982,0.969032305272371,3.38189013657071,6.11599659037342,3.45690207966407,165.097286655872,258.707529360731,0
1998-03-26,0.460092481544368,0.270405315130348,3.63665365753899,6.35506523518116,2.16710066963659,99.5640328771252,297.75369407078,0
1998-03-27,0.555044925336951,0.893344852650937,2.535633299532,7.17786334403151,3.99237279795195,141.019165696685,282.796862416996,0
1998-03-28,0.958044321502205,2.21127201416778,3.59005713389228,8.19767084139604,3.59015378579211,118.636609610691,274.60892706275,0
1998-03-29,0.288082523433356,4.39699025038689,1.95548001431277,6.30155268712116,-2.03598483144224,149.988555010456,229.474843804839,0
1998-03-30,0.284112617047444,2.91299683045533,-0.532703297844463,2.69902858951902,-5.70813973902202,176.167289162049,233.792125790748,0
1998-03-31,0.276849104739413,-0.248486397683341,-0.913038929557424,2.00212266565299,-6.90640525970042,188.560044193756,221.179966532457,0
1998-04-01,0.2347353651151,0.218486985596115,-1.54225974649229,1.33459407022372,-7.98167244739112,191.040827339697,230.75141957512,0
1998-04-02,0.511457953332452,-0.219984101524788,1.63388485739594,2.50173402279903,-5.40990395652447,141.82236842532,277.893021427968,0
1998-04-03,0.995530844545109,-1.56951740949351,2.27880746560621,4.7850780107498,-2.79160739113555,41.1454924109829,310.712507233826,2.05917274907726
1998-04-04,0.975446360777203,-0.432808975399879,0.0174004978620775,3.69000671141611,0.446436452902064,90.8571816311551,298.164974614337,4.24467262092514
1998-04-05,0.740107386822254,-0.48524368911099,-2.00758580472,4.20196942843909,1.63842433990511,190.331840339129,268.657175462371,0
1998-04-06,0.579327087563855,-0.736999411331626,1.87459329414823,5.24751733459757,1.24532161548761,53.300682286224,318.743688170879,15.730248336181
1998-04-07,0.999905080716431,-1.24239493782767,5.54346753608968,6.68303650957219,3.96316514919897,182.839273139741,281.112027784444,1.0857637577418
1998-04-08,0.409832210852484,1.73913801562919,2.26137521945427,7.81633940403723,2.79786176932661,199.220364657839,271.761800820812,0
1998-04-09,0.208017625917863,0.487699035649991,1.92666076705376,7.96576652475536,3.61308219096363,140.276041914124,309.434814628198,0
1998-04-10,0.748026367927206,-0.447182253170815,0.361239212946737,8.15705901452346,4.48738525354364,152.46814690101,301.204277357476,3.20634678802976
1998-04-11,0.660925251512484,-2.43369875396056,1.34780625786336,8.6633273774877,4.0797782875449,124.59343588589,300.961461471292,0
1998-04-12,0.803698528658038,-0.553295628952769,-0.691879910820121,8.71805970158517,4.17136544925258,205.19089006847,282.557549137546,0
1998-04-13,0.823453210875377,0.738358871168427,1.3628174604882,9.2636693803971,4.50395285465563,211.925050121456,278.158195678519,0
1998-04-14,0.655277091958145,0.907933297242941,2.83031671239383,9.77891658924264,5.53418777083902,225.099233895496,264.906121907415,0
1998-04-15,0.186659843594568,0.43478109649503,1.94608843909705,9.56853388184314,5.07700514964365,220.607641426269,272.852118939928,0
1998-04-16,0.247842851268128,0.0314754329285583,0.576075132479139,9.7372405913416,5.22848905040829,170.202217630942,288.413541488743,0
1998-04-17,0.421570314165841,-0.117921383958883,1.2590700032144,9.4485333486647,5.3537727998029,196.566665323554,289.268158739127,0
1998-04-18,0.793318928349066,0.599754831219806,0.419743119597427,9.57612484764699,3.64384312599315,118.525206429761,294.430124441932,3.27697400464831
1998-04-19,0.83752117284255,-0.686214908323177,-3.84239930258057,6.93756416173899,1.96227196042185,141.187956137581,297.329524408735,1.12592112765796
1998-04-20,0.880627638047531,-3.10179370542345,-4.6040965901449,7.26038907485562,-0.770502073135909,93.7513908371653,311.918349611044,0
1998-04-21,0.796565891760403,-1.90872347419765,-2.59124930285533,7.84890384468064,2.54694799982517,184.054653910575,288.971205103324,0
1998-04-22,0.327374403872207,-0.707413858951108,-1.95692016010807,9.16054404932269,2.03486552893244,215.887854458526,284.106704753672,0
1998-04-23,0.442712731313984,-0.521316392663529,-1.62897446120459,10.763269813136,3.60275673518656,214.656170881369,295.134562779511,0
1998-04-24,0.385997801989649,0.229117314412675,-1.01590975704145,12.4256538525875,5.56596392040936,248.767115324465,285.876486883094,1.45516190701454
1998-04-25,0.31168450768257,-0.350570508884748,-0.150804171145412,11.683396347489,6.11545131924565,140.638318913549,305.809715917272,1.60483707421807
1998-04-26,0.774071163360224,-2.51087252297564,-1.63490990251027,8.89746066665549,2.66620635783991,207.276938676784,282.644227546509,0
1998-04-27,0.957852017205123,0.861655260191125,1.06474120898879,8.80232631819334,2.52975326674519,211.093551732258,281.502359153523,0
1998-04-28,0.70642895763772,0.893892491495657,-0.727456637308333,10.0933712628863,3.40385281028804,238.430262515453,280.747230564074,0
1998-04-29,0.749269660204389,1.24731187529019,0.479919439228654,11.0833644881498,4.45781519817862,271.259791011557,275.135930399646,0
1998-04-30,0.4732308733001,0.389946271666738,1.22259196458412,12.2452950544832,5.34203722055566,224.568464114402,294.456860058507,0
1998-05-01,0.551831740105929,0.356338482322558,2.68133293582114,9.85556970523338,5.64784643873217,229.021026010774,290.037251113116,0
1998-05-02,0.668252610087963,-0.0181171158016863,0.51240009257213,10.7546258944492,5.47437686219831,202.397784841966,311.553751318096,0
1998-05-03,0.992893967554203,-2.37395644269176,-2.35618374831571,14.8911665957092,6.18165957244931,30.0052324658823,350.89589918507,15.1139986692677
1998-05-04,0.999905080716431,-1.75720713552903,-2.35630025570317,9.7372405913416,7.66837238314302,97.8550815300345,338.034076557078,9.16245067012502
1998-05-05,0.999641729971066,-3.14591591028563,-4.85588846916239,8.8566045963277,5.19242578532463,30.2849713744173,338.963678875594,16.1357433992552
1998-05-06,0.999905080716431,-0.94544047035016,-3.9817635287465,7.50756597589042,5.42257868851341,29.6113687456379,338.963678875594,3.35706222829933
1998-05-07,0.991257784625858,0.277049672821048,-0.158129547454898,7.85367360940632,5.72330394773114,125.542353860114,326.827167882064,2.99583981634701
1998-05-08,0.894212647310916,-0.366954474669975,4.13133458334339,9.81087782657607,6.32590789255446,206.490097931314,304.73993287924,6.10407955470156
1998-05-09,0.744844149827562,1.83774659538551,4.52932677795949,10.3955040432124,5.16755364376531,163.666674443463,294.640616330428,4.21225836108813
1998-05-10,0.460100554012801,1.31958413118532,2.35041255846794,9.42044575738313,4.99716923596338,207.321991534937,286.208186207986,1.49291422887309
1998-05-11,0.51317855991209,2.19408301639726,3.65756382226471,9.70040451268436,4.57163219323726,234.574212896418,291.226681696506,0
1998-05-12,0.391837780303641,0.98511652332075,-0.304318521289677,10.3746807947834,4.22318998075645,248.580631229128,283.530578026128,1.1892551521368
1998-05-13,0.614717425642685,1.34798578183469,-2.64054439935679,11.1141257244547,2.82620403479274,172.923410251906,295.971547386215,3.45496876716025
1998-05-14,0.932106904434717,0.426969879073452,-6.93458461624998,8.28339143068598,-0.956202934066624,260.072441109628,266.052829208805,0
1998-05-15,0.379650431352125,-0.31023621162751,-6.28290682685078,7.81633940403723,-3.69661418579248,285.316750761726,264.541811837585,0
1998-05-16,0.639847767244743,0.841495755194348,0.756717426602436,9.52664000396589,0.822400224338887,280.257460407467,276.412416295778,1.35398208973628
1998-05-17,0.387821182203442,1.97167169620473,-1.77443172974669,10.5980648218593,2.56513918699639,276.931845229888,265.183175904386,0
1998-05-18,0.425233161726608,1.5396166160241,-1.53351916396806,7.9568444046265,-2.29751691266867,283.44826829301,254.472381589036,0
1998-05-19,0.149688608900142,1.35302794371021,1.00090485950744,8.87452660383526,0.821612328417129,294.443873400156,258.807577151374,0
1998-05-20,0.219091645254937,1.22792096022338,2.01769710084234,9.83160008911553,2.38243945538352,251.137264737943,277.401638625223,3.33663371542863
1998-05-21,0.503529416789959,0.582515463518464,0.0913371372814633,9.52664000396589,3.84491303410353,211.421507956539,284.966661006306,0
1998-05-22,0.617566172421848,0.612174392992516,-1.50084191882045,8.55890595350694,1.9771796661764,133.977887093308,300.093762864289,6.31440141012352
1998-05-23,0.898297682786793,0.0566900336269304,-0.990570645762102,8.92806264488385,4.47965313223785,260.994059350456,288.413541488743,1.10424929661754
1998-05-24,0.721885081568238,1.38968615871595,4.54377830406205,9.3304163600685,2.76615714051337,141.497551272985,296.226397847255,7.46911926345058
1998-05-25,0.451215471554568,1.93093900770105,1.80084329094702,8.54716216697989,3.28876723997918,210.735311348011,282.53757774313,0
1998-05-26,0.373607741305219,1.3121397669301,4.12384238059242,9.64399847772366,4.10921913077179,307.007846695735,271.856099563458,0
1998-05-27,0.0719605468400787,1.32153005537841,1.04835080987621,11.683396347489,4.99811033854205,326.600227607207,269.618797644482,0
1998-05-28,0.2035364767489,0.424258561391012,0.695780733436925,13.1638380631307,5.02096856620319,302.932621671849,285.444548027513,0
1998-05-29,0.851016610016122,-0.209596445863753,-0.698226249378608,15.9844034581663,5.53418777083902,280.732435576715,303.075289385198,0
1998-05-30,0.889284791745082,-1.29612337654608,-3.98507084788583,18.5717102391721,6.08403913575061,62.457449030306,356.272341190164,0
1998-05-31,0.954759776595564,-1.67674171593627,-3.0128105021824,14.1422755470596,8.2743102983514,87.2371881948014,355.774248856268,1.2378736396103
1999-02-01,0.3216250522399,0.878079703097259,-0.480701291766458,1.15165877851509,-0.596276679947398,28.5201824727884,276.794679913959,0
1999-02-02,0.722755265721408,2.00101033705174,1.24353013188976,1.92847641623539,-0.423085085144755,39.9522944810631,250.356246801845,0
1999-02-03,0.710987056358324,2.59015604875642,-0.879274831270482,3.87232943239825,-2.5781482763966,32.4917426047936,285.231683531198,1.21208410589938
1999-02-04,0.777370829133716,2.92463834669945,2.82468355377874,5.65954071953424,2.5045507251417,49.2599544335322,239.650555646012,0
1999-02-05,0.253995639938763,5.6410878739941,-0.620281404030334,5.05465268899592,-5.13141926778316,45.1403203614879,218.899726463846,0
1999-02-06,0.402005969553319,1.66544977690787,-1.71818940856469,-0.706687612005405,-7.84134236039526,53.5679305426752,191.682741037024,0
1999-02-07,0.0725732020005981,0.270084753932676,-0.438395820951465,-7.2632777679835,-12.4859921038495,51.8259707998031,196.699293659932,0
1999-02-08,0.469824919210569,-0.428666479462395,-1.77835592727898,-9.22253603062298,-14.3214172445444,55.5756039170755,190.751563602386,0
1999-02-09,0.239232386732988,0.610867952128632,0.278071664962356,-9.72029682032417,-13.7454737087812,44.5049966249515,219.345599760179,0
1999-02-10,0.567726876673099,1.06444260032521,-0.516666496137955,-6.22506475379859,-10.8948552488869,59.4706025876077,206.285765815463,0
1999-02-11,0.247325706371445,0.356338482322558,-0.785538658478851,-4.60519731096169,-9.20597943394327,50.8372078204652,231.018006166914,0
1999-02-12,0.949140733304611,0.97705866190364,-0.645409503673675,-3.96817920059555,-8.12624598881998,58.7253892546999,225.116124278392,0
1999-02-13,0.56561233997328,0.53683988773037,-2.46910850176052,-0.492903547717545,-6.39704223322717,62.3321585179828,212.339923019237,0
1999-02-14,0.292319576250998,0.231507079378622,-0.961029964330689,-4.35679260896874,-9.25501152668193,65.2449907953223,213.412592483385,0
1999-02-15,0.725103094694011,0.0555405842487626,1.34484746869059,-4.05503205346066,-7.63617061721481,31.1326819418804,267.454652457531,0
1999-02-16,0.999219010956695,-1.37001966763628,1.92550438993011,-1.73718727259264,-6.54815058016162,25.1527169095549,289.071483936057,1.23776648010474
1999-02-17,0.973141152904162,-1.16653197916717,-0.156638917099787,-1.14431031319823,-5.14197033758173,29.6814758999816,294.988823600501,3.7057861849863
1999-02-18,0.999905080716431,-0.977407774197953,-0.480701291766458,-0.360853835386571,-3.10399119491171,47.2733965822647,284.545664956338,1.23779785558205
1999-02-19,0.912438090537697,-0.0942129631095141,0.364807139764653,0.15270271075653,-1.9005670846949,35.3038144951443,296.116691245791,0
1999-02-20,0.99711140751295,-0.507914336556296,-0.51314773706806,0.565821826690738,-1.33681722622262,38.5161005768054,281.767077704766,2.44193781025619
1999-02-21,0.841549046121654,-0.567080927092021,-4.60615604099755,0.39725493812702,-2.90245214172453,82.757351543817,217.545996001218,0
1999-02-22,0.0956845676660291,0.218999897655672,-4.23547967889047,-0.474253381171603,-5.53808442868431,85.9279002729249,206.627419469034,0
1999-02-23,0.0495009744518301,-0.0481126610125506,-3.74324137873286,-2.74489529843716,-8.5193993023186,91.5263712725175,186.752803485412,0
1999-02-24,0.00401026760330145,-0.0659874936566715,-2.73816123957263,-7.24150289120349,-12.8896270083757,94.313470833558,191.316214541148,0
1999-02-25,0.000882882667474003,0.0797314890243646,-2.14732585567479,-8.58112376947461,-14.0851875416904,94.8128108642777,199.835122995605,0
1999-02-26,0.220893249743185,0.344959605876051,0.928747051789849,-5.98154945628964,-10.8481268649793,30.3810481456506,279.986080786135,3.89144086626527
1999-02-27,0.870356381532712,0.831015333722394,4.65426010214806,0.660306987937091,-1.22483443953204,41.595441699627,291.207566186689,8.09578826494952
1999-02-28,0.960414170269038,-1.3762075345572,3.98383605230077,1.60839320837269,-0.0644084790530113,65.5658042214206,282.9241772359,0
1999-03-01,0.691309176026895,-0.0545016021089498,1.74360315179892,1.0822184506395,-1.04347179358683,35.1904586581348,299.312008628228,5.26538927567489
1999-03-02,0.999138616041457,-2.46328804974967,3.05691304957288,1.66504230051464,-0.173602751329139,25.5198711175505,301.612080683225,17.5918950010085
1999-03-03,0.827851015643801,-1.10060503125314,1.71258702506652,2.07990065100391,0.36721503030969,50.9197845919703,290.174362324476,0
1999-03-04,0.96365204704443,-1.68327761948895,1.73043882982699,2.27372291524652,0.0505840715677389,28.4793043526081,309.12918490588,12.4974421892395
1999-03-05,0.996892122323098,-2.66634655113726,0.674075478183628,2.56845647593799,0.728702013121039,34.1142876339192,300.514578754306,1.41228789031514
1999-03-06,0.968374864471575,-2.51822263563892,0.0357325668122229,0.940545835583377,-1.41872852893391,64.8409925301788,289.678380758976,1.0674291562078
1999-03-07,0.950276868975374,-2.03921322445996,-0.692132844151675,0.759334933266926,-1.8440290022403,32.7020521276664,307.69006418769,7.6420920261539
1999-03-08,0.979834855623345,-1.88710704091503,-0.100371979424582,2.29895963266356,0.666771502554944,77.248054408927,298.130735935831,3.76581006217168
1999-03-09,0.831887333703162,-1.13207675633802,4.64061465120503,3.40628059386243,0.992421921079978,93.7940816635671,290.955460702129,7.97500141745581
1999-03-10,0.685465498962844,1.36838844802492,3.69424530477178,4.06747316980934,1.59274957428284,131.727970301567,232.528889888962,0
1999-03-11,0.143960006106642,1.3390121390808,0.0221254552027123,1.12308310213819,-3.34073639440292,125.261634138071,243.790975014745,0
1999-03-12,0.825730937419273,-0.88262167971662,-1.39876271289944,0.505675538788569,-3.19034592128841,91.851761977379,269.052373611631,0
1999-03-13,0.700725729576467,-0.170848472242288,0.592767845108296,1.1179280359299,-2.38163600766217,88.3768968613496,274.753896526813,2.3291200672888
1999-03-14,0.98742176040812,-0.262447524963673,3.82990738701143,0.994422545151484,-1.63463346954794,70.9645353662822,297.113618133424,10.3617353721686
1999-03-15,0.93034976340601,-0.148407509392875,3.90649745776074,2.07063116603766,-0.50132375002546,134.654429755874,264.832385129264,15.730248336181
1999-03-16,0.599634576778142,-1.17872850847442,2.52435515942159,2.280437614498,-1.39565661704236,88.1470251266776,285.207661489144,4.1452238043231
1999-03-17,0.668252610087963,1.78068448398017,-1.16245458625371,2.69902858951902,-1.2198111907479,56.802697162554,281.404754701279,5.98667907996197
1999-03-18,0.944083035845158,-0.47085507314387,2.79729508068517,1.62930123057167,-0.226301615586321,37.9155120470903,312.664050736984,21.1337816197462
1999-03-19,0.964233759486525,-0.899116562875612,3.39613481771221,3.34357519439437,1.7615592796639,125.526580462335,282.386036937838,3.48279018986061
1999-03-20,0.76672205705718,-0.359492136962481,3.14142021961509,3.80041907889091,1.0922909356174,41.5422253672275,303.204921560401,10.6980680776398
1999-03-21,0.838768446000963,-2.27512399604189,2.91665332390731,3.8094243756286,1.67099339696511,101.61051509824,282.905423541009,3.86686740673287
1999-03-22,0.950597758333844,-1.88510622009046,1.09378448058367,3.41178797626438,0.509078959745772,84.4212177254399,276.251654094059,2.34598547238457
1999-03-23,0.912081862386776,0.108033919444201,-0.867446582778683,2.34866760304275,-0.125942821963989,130.497859627231,261.38710612575,0
1999-03-24,0.80865851561686,0.38727663649682,1.93477568189953,2.07641393527784,-0.529931747542139,152.177655637185,251.29956756478,0
1999-03-25,0.257225823537097,0.467579807546748,0.933289012609764,1.3901743175696,-1.55029140217748,155.949049752805,252.789752308471,0
1999-03-26,0.539161048361857,0.0570621299148089,1.2274173643389,1.16228697636621,-1.74190913467905,101.355313325716,294.224050202135,0
1999-03-27,0.937848705648893,-1.36394762689254,2.37540894403615,4.05446211204974,0.986276952495215,113.853340655808,284.089148556702,0
1999-03-28,0.851941708284313,-3.78193968625281,1.04465107420652,2.64154090280595,-0.620954205601749,86.7945335437479,298.485099508885,7.39296512543216
1999-03-29,0.906656557485827,-5.01639564914482,1.19545562581443,3.7217156831766,0.0875277320818206,95.4921311318557,302.389291535962,6.14728514869258
1999-03-30,0.878558976572089,-3.0214385811824,1.56840820635359,4.02377685379359,0.931456347529069,71.3474219035586,297.09459480983,1.814425323585
1999-03-31,0.990600598914612,-1.58360868037184,-0.900685714795847,3.38197457664283,0.739767820475475,132.400019422277,291.282195622955,0
1999-04-01,0.966891334938098,-1.0659644956095,-2.15882506366252,4.20562703812407,-0.38438753200198,89.2541455455708,285.319228019727,0
1999-04-02,0.982208515816599,-0.377425348297506,-1.62348388876789,2.56845647593799,-1.49014636989523,200.089043073662,237.036165862257,0
1999-04-03,0.41012396199521,0.785423055850523,2.59581394707722,3.67612891112746,-0.630547881319652,49.7227169595635,328.328218735775,3.49708257299998
1999-04-04,0.989626303488497,1.11877654372562,3.84380126473399,6.67390630482214,4.6335143777545,54.0259209268178,336.105038249235,2.73346689889479
1999-04-05,0.997146155434829,0.168005671239969,5.6961674431333,8.80232631819334,6.11545131924565,200.39083432102,262.054952746753,0
1999-04-06,0.0640689563522451,3.39085790337401,1.62231302743324,6.34327054533182,-0.565837318117516,114.711061763568,288.971205103324,0
1999-04-07,0.937872733291458,2.47352323473292,4.87429507145269,5.84336963256299,2.69778711446426,137.564264373133,291.875484534917,0
1999-04-08,0.891118119925832,2.09163242722216,3.61117365593642,7.33967588954367,4.01377359585346,184.822787776767,298.505039207723,2.64419781090163
1999-04-09,0.581881399514638,1.58384646636218,4.52994670474678,8.34924412521313,4.94417678283311,216.483619854406,253.541213316475,0
1999-04-10,0.249347715372026,3.10068533464388,1.44141856361749,6.91970985747165,-0.295069995511037,147.741332925585,275.013980287124,0
1999-04-11,0.903715092041316,2.15765550345932,3.09895687935712,6.49552338266105,1.78398970012246,214.625318997607,267.964399399952,0
1999-04-12,0.668019662252873,1.45580676089809,3.35629680086678,7.05236133988718,2.67527134031609,127.933049219622,280.157364667161,0
1999-04-13,0.964656230702662,1.34968779968805,3.08668153704065,5.4136171238246,1.10674219853287,170.434556963388,263.157322773092,0
1999-04-14,0.939081837749238,1.63735060392178,2.05986540824058,5.85033931323326,0.129810367352012,97.4941324329424,294.189039793174,1.93683876521816
1999-04-15,0.834192705369602,0.484985393848765,-1.64964730984923,5.24526341706924,0.437415555059652,231.085155515235,235.473740274021,0
1999-04-16,0.126224418946267,0.679061666109588,-2.41816724745008,4.28426136842379,-4.35401461525696,199.815147721085,253.431343966199,0
1999-04-17,0.682736543067788,0.571272239872825,0.697608747157239,5.01531172340118,-0.936623007473453,178.998788154903,285.887707115311,0
1999-04-18,0.866257698412148,0.0786860188317869,0.625512693897847,6.94144976479808,2.26919804192629,140.997805124662,306.545380100071,0
1999-04-19,0.982213730312123,0.214438404810698,3.06933431442875,7.48968930736947,3.41647763515459,133.142590910006,300.016321814047,0
1999-04-20,0.803698528658038,-1.6683443727922,2.47275948739186,7.35401527560147,0.916754776657474,145.810536092529,300.814766977933,8.23936180508694
1999-04-21,0.974268008036485,-5.31387293486436,-0.24579048082128,7.0220947270499,-0.00336167216873023,65.4726334505621,327.048151269741,20.2640279635191
1999-04-22,0.971359750484872,-5.31387293486436,-1.56566544450042,7.8660700231798,4.48738525354364,57.0788155428948,336.105038249235,19.724963811531
1999-04-23,0.996561416344207,-4.44246029312253,-2.32203497677801,8.35234515684991,4.83924573674793,47.2958578681329,333.175275393714,14.9346761682774
1999-04-24,0.958044321502205,-2.22336046440365,-2.57855866473053,7.28203359795653,4.10983511003067,178.126568304429,302.16387211588,0
1999-04-25,0.716073710389783,0.408750008071163,-1.54506339110212,8.62751545464751,2.48931394228898,200.721438852633,274.626611653536,0
1999-04-26,0.348528568075828,-0.501574149258108,-3.3876440793406,6.66771515056844,-2.10629284175546,245.804351803295,245.505836659788,0
1999-04-27,0.267142288593938,-0.189184924397876,-0.618394418971054,5.81843612879504,-1.63361582140428,220.357442557723,269.296325578476,2.29362619410572
1999-04-28,0.743069578851938,-2.03921322445996,0.918495821617386,7.43277527975982,1.32057672954583,167.306084667874,290.733514343369,2.92275840511669
1999-04-29,0.696010028228658,-0.377463416904585,0.199533583895486,6.91123479046062,3.10006438738708,140.484580966299,301.788376952301,8.0115193703404
1999-04-30,0.999431595779051,-1.37001966763628,-3.64248059226534,7.65607143533027,3.2129087550541,82.2263848817684,326.118434284746,4.84501977738721
1999-05-01,0.991321559755069,0.207825477656825,-2.33972973364246,7.6095328059129,4.09798365545773,116.711865390902,328.164024615286,2.00846665557795
1999-05-02,0.99455046158855,-1.64807374892639,-4.78609668093978,9.25837351383546,4.34418069165128,116.158061946299,332.578623548716,0
1999-05-03,0.877081316667427,-0.824301311057974,-3.81423010169683,9.90849116913828,3.60837670680178,205.073035915378,316.106802102551,0
1999-05-04,0.749791709935,-1.24214244373305,-2.72390199067197,11.8400372841986,3.42974923450757,280.298501603737,277.68445301304,0
1999-05-05,0.238709389545746,0.217307731411581,-1.08415788977003,11.8750646759798,4.68290067793604,242.533717237905,285.665761320687,0
1999-05-06,0.528253752265606,-0.704133445359426,0.204426884741943,12.2949070680169,5.23660787829343,206.167023685855,300.814766977933,0
1999-05-07,0.659666827020438,0.0322852861443419,1.06749813295802,11.866880310917,6.554813221306,153.078009049045,314.082555920991,0
1999-05-08,0.788015065312169,-0.0473292280853577,0.26710482743307,11.6983550399498,6.55440848329482,268.967711673494,288.451529000789,0
1999-05-09,0.322194896210126,-0.804365704331151,-0.327213922405384,14.4375767885225,6.1848341301241,218.471397237442,302.462767766925,0
1999-05-10,0.578301802026994,-2.07368086844717,-1.2274230324636,14.6517635088583,5.41535645796571,146.371549351256,311.918349611044,0
1999-05-11,0.765333672703241,-3.10761584165274,-2.51226016813483,10.0545832879637,4.50318605092777,66.6273583139522,338.443653166972,2.89614019527095
1999-05-12,0.94288888656966,-2.28912662857716,-2.7915107314193,9.57612484764699,5.30256794049507,153.935597439821,321.555038188099,0
1999-05-13,0.663698513881126,-1.56951740949351,-1.86873443336286,11.5835012837654,4.81895476879937,228.567948466609,303.094860679414,0
1999-05-14,0.503155185284585,-1.71684568749545,0.359261088476406,13.0806558675739,5.04782366603653,264.274732993359,289.47615035454,0
1999-05-15,0.277447095604428,-0.139760737581838,0.202409442096885,13.021279041576,4.63164822701217,243.011630226913,295.233197556508,0
1999-05-16,0.441107391637915,0.563333667874828,0.0117463739841051,13.199048956907,6.13463933777556,277.348442843163,287.882153152217,0
1999-05-17,0.255242099654706,0.901320626525768,0.113196536680918,13.4512381326251,6.1234023809592,277.903901103992,287.235840331549,0
1999-05-18,0.256827280647466,0.140474549611822,1.04465107420652,14.2239417649591,6.42016359014211,238.309457490256,310.95885670382,11.6078460396906
1999-05-19,0.862173243190308,-1.00794147114833,0.452801932605935,14.3138007990904,6.89442820217694,54.5470890268053,359.558004803876,19.5387339248766
1999-05-20,0.999905080716431,-0.498220765542226,-3.05155125137642,11.0070755654443,9.10458192356068,160.367387693292,320.623936959617,3.56657283767466
1999-05-21,0.691309176026895,2.58027900928558,2.80678266318241,11.0912929602078,6.38909943571421,189.746846148918,294.815922604036,0
1999-05-22,0.584443467477692,0.231507079378622,-1.789728367589,9.64221350384533,2.76615714051337,217.992643046852,291.046355767854,1.97746529571545
1999-05-23,0.916255264992109,0.211478390295793,-0.737474372752785,10.0163512592243,3.44658133640158,286.624894674766,277.332351190538,0
1999-05-24,0.60275361933313,1.42042028043994,1.27107148927959,11.6297644626127,3.2628402206911,282.992758490426,287.352840036252,0
1999-05-25,0.356652308841737,2.61513345929284,0.0509017820489626,12.4145502320375,3.93938756661523,123.145108748121,308.149571223714,4.59375119847431
1999-05-26,0.859021373730163,1.81644712060055,2.19048251326337,10.8230884900102,6.80880404761135,248.054760170427,289.516906258305,2.44216678181759
1999-05-27,0.460238725333122,0.206534623981597,-1.01869937945778,11.8354445581236,6.29797567048375,249.036206624933,288.191511347083,0
1999-05-28,0.383715047757312,0.285864514019572,-0.151096611390841,11.6066695531472,4.15575865170318,276.243180932927,291.54459164059,0
1999-05-29,0.493555204373683,-0.170056235145454,-0.0543738543207642,12.9782234630159,4.75750761988654,250.611397869451,296.848060872336,0
1999-05-30,0.924839108469993,-0.0956069100714645,2.89249503769219,12.4697689012086,5.79469152782714,263.713272253703,296.227868767472,0
1999-05-31,0.20026618329466,-0.577460366184294,1.91956284484506,15.0181581717516,7.2905003104189,83.5610269893778,347.743484066875,6.66365174142316
2000-02-01,0.90437164205025,0.3064937262776,1.17812949364174,-1.65311145386296,-4.72003825367508,43.0025157139966,235.342806048693,0
2000-02-02,0.50739972795218,2.78357562356599,0.145319946896622,0.116832412696052,-4.9741295367531,43.1142108238984,220.768573974875,0
2000-02-03,0.722755265721408,2.54459926192623,1.26587015565337,-0.96645995811649,-6.09219672142153,22.805362550886,284.404316065108,0
2000-02-04,0.976631238165294,2.97211295059073,3.22659398744414,3.89093146214145,1.8334183100277,31.5815401778523,287.013058655887,0
2000-02-05,0.96397708803812,3.19528642791802,3.67930422956841,5.84336963256299,3.31550475803615,40.8608106328942,264.014669911592,0
2000-02-06,0.47648562991359,4.41616734153638,3.97714036592005,5.38698163133449,-0.131290251030105,25.3391255942377,272.575026043189,4.08255673949423
2000-02-07,0.912243036038841,2.12302230024829,3.09107209844671,3.84950812750197,0.694889725711926,44.1418158641288,253.431157773121,0
2000-02-08,0.506834092986175,2.74179171596003,0.404495034011287,2.46418394711766,-1.74184222872618,34.92297208287,286.113346455068,3.95139297097823
2000-02-09,0.852278853393178,3.39085790337401,6.23176162053172,6.44824976832168,3.08485570476725,53.4851007064622,240.682307839883,0
2000-02-10,0.219091645254937,5.6410878739941,3.21097420144739,5.7618329390383,-2.39839877927167,39.2470124476623,259.809270694116,0
2000-02-11,0.825805228472945,4.08685241456691,4.819537261618,4.20562703812407,-0.512755535674862,39.1827586928865,246.07015276071,0
2000-02-12,0.830355838921841,3.16553461061458,3.11582065433016,2.73129607692197,-1.89441790895941,60.7425912843571,228.865599499512,0
2000-02-13,0.508047220590009,2.35607308183668,-0.09320211525428,0.0339515540673959,-5.78832795912833,63.2747341771809,213.671884860706,0
2000-02-14,0.597639645043637,2.51177119413854,-0.251844256810987,-0.88128639283414,-7.94146962681813,62.0547640003397,214.059142656356,0
2000-02-15,0.568363700156195,1.41028327651438,-0.30571971864983,-1.74479434972651,-8.82811561389635,25.1527169095549,284.145794855441,5.98667907996197
2000-02-16,0.495944464033087,5.20117097648405,5.60055460619778,6.50095181897345,0.981156905821827,72.0610083119894,224.714858799952,0
2000-02-17,0.25941636559496,2.91299683045533,-1.11797420606561,2.08805917327637,-5.5456117949438,32.5332400567332,272.634459012051,0
2000-02-18,0.724441958530394,3.56856615553987,4.6098589631577,3.41329067483558,-1.50792791937028,75.356524552458,233.970495359608,0
2000-02-19,0.251851072817946,4.86592580651806,1.7130521410012,4.88161082358852,-3.07329882870277,53.6808658911514,269.904425295981,2.39399720093947
2000-02-20,0.327625610372108,2.14429660400967,-0.118246876813449,2.4669853216348,-1.22483443953204,65.2836297805639,236.379185793746,0
2000-02-21,0.992057052300051,-0.107264024459341,0.0853069198260819,-0.370041155923643,-5.32343749373101,24.3401151552545,299.997727760257,6.60439940158056
2000-02-22,0.996075563693404,-0.553927019257229,0.389819932200768,0.893754292057982,-0.684925221914736,82.9362832349338,243.74976886675,0
2000-02-23,0.726665418469846,2.59651164927047,1.37371818218122,2.1273450334301,-2.00236967896452,52.0683262417059,273.294580987516,2.40901470926693
2000-02-24,0.581541677130357,4.49463870923288,4.78834690552724,4.85980914189662,-0.362507881685709,82.1717971667246,248.401679776557,2.14121899039295
2000-02-25,0.790026408339622,2.12650297639827,2.97964950161963,3.39257719076311,-1.56766439475655,35.3212918911267,305.392645821315,17.313085018553
2000-02-26,0.960414170269038,1.34798578183469,0.0657030149758163,2.58383550593558,0.564044535332508,68.4069713894748,243.02059208353,2.31238224986221
2000-02-27,0.655090306314661,0.213303344030274,-3.69093720866523,-4.74142911392858,-10.6476940627117,101.994555722766,196.485132802842,0
2000-02-28,0.000562158233708385,0.796396721659661,-0.692631020430198,-6.08295910287331,-12.5986035700804,103.386405095485,193.079447025299,0
2000-02-29,0.0895593300368809,0.303907072029951,-0.9113805771336,-8.41638458668108,-12.8653823441989,77.2107875883737,232.660679083025,0
2000-03-01,0.933227997499983,1.49651800040589,2.73418109668584,-2.54741552241849,-7.06748164007873,34.068721933528,287.312095923536,10.543398954019
2000-03-02,0.991756099378098,1.39760538876655,6.44129670402263,2.72483629570826,0.460958648868163,62.50525822379,288.039291229803,3.55098692307409
2000-03-03,0.963329369351673,0.374712560074959,3.49145951257763,3.18986719335006,0.929236780088989,58.1800237920771,284.077266019582,1.93683876521816
2000-03-04,0.707355746038471,-0.0507310844734178,-0.905647674742695,2.10624864872173,-0.931930796926281,35.7837615930197,273.720633950251,8.3612610314834
2000-03-05,0.763243033736956,1.00822641612055,2.9209932578895,0.535298377743336,-1.46995812057858,101.357376594973,254.274693669252,0
2000-03-06,0.578134971696974,0.36673778062652,-0.347173805750005,0.53314488180812,-3.21149083475316,119.605545837389,230.349254195622,0
2000-03-07,0.589328579872496,0.850434038077041,1.19636028254371,-1.23963387058924,-5.98831397062912,117.308837528728,259.809270694116,0
2000-03-08,0.523809646361181,0.756390647956213,0.759049435837608,2.42058820941589,-0.50132375002546,114.009771743201,256.375105627316,0
2000-03-09,0.318177075251981,-0.119731987359666,-1.23208139513554,2.28179699829782,-0.873093201081168,113.129765781275,257.960422077673,0
2000-03-10,0.202062317418076,-0.972922826700366,0.0511515244090526,3.16572628120539,-0.633863951022598,56.8458422441434,300.831433227135,0
2000-03-11,0.963674418624705,-0.0263375984768911,1.69686105896123,2.81187428834325,0.916754776657474,49.8508271302539,309.562585677908,0
2000-03-12,0.957630633468792,-0.246529202342105,2.37403828881495,3.73259989489302,1.50046068052518,39.1537264270612,312.6459352891,0
2000-03-13,0.931494463144531,-0.283783042862228,2.38766540982422,4.63976859301909,2.98284380772646,93.4959877632547,301.752391896156,0
2000-03-14,0.68572574966467,-1.76588152772516,0.370803373786009,5.56618045022528,2.52975326674519,89.9876780674265,295.971547386215,0
2000-03-15,0.77425654515114,-1.82698679245401,-0.0131810834469635,4.44671453843092,1.83764797758614,36.6716922585662,316.803155153778,3.8564993742359
2000-03-16,0.989203228329627,-1.29623329666492,1.53043907422255,4.49516589825817,2.61783946734318,67.4704323287846,313.317608081748,9.9392873475616
2000-03-17,0.953937999721171,-3.30276919943298,2.54050649782667,6.63822292180495,3.48529662377771,44.5282515013475,326.50677099919,14.5736739570394
2000-03-18,0.998987693064949,-1.38374811489051,-0.12317272595913,5.23199871787881,3.35638960825685,65.5658042214206,302.397506952389,7.99440560087583
2000-03-19,0.77425654515114,-0.447182253170815,1.13650281516376,4.09285806930087,1.9966343923882,69.6244542316762,305.778404849607,1.48126512256919
2000-03-20,0.995162736215982,-0.656319973499328,-2.96982570972201,5.04145015242538,1.88886877104913,40.4375689116242,326.02691562077,9.15783320305153
2000-03-21,0.999186942741003,-1.10141088357012,-1.23562779227004,4.83633932656559,2.72617485306403,70.1905393350026,303.094860679414,1.11566876100677
2000-03-22,0.83752117284255,-1.98312571847904,0.399862943347131,5.40243470679252,2.14822223772538,84.4736369336612,302.389291535962,0
2000-03-23,0.908482456452868,-1.97062253430845,0.066825904568416,5.83945097724632,2.51004784885245,84.1570805318311,295.33425855363,0
2000-03-24,0.817653282957394,-0.6728648803015,-1.24729508339936,4.43169470035617,1.05265737168702,145.558421368565,250.752938657929,0
2000-03-25,0.370594173705981,-0.428387548054084,-3.44791827018174,3.38401007346881,-3.1386078330354,150.400285734589,233.247501427797,0
2000-03-26,0.415998658978315,-0.064428709172861,-3.73143738316002,1.92847641623539,-5.68789588573279,145.211827279142,255.987279780038,1.18473038988598
2000-03-27,0.749791709935,0.202104224856892,2.73044683460507,2.00308535923626,-2.24921899896775,77.6705614760665,292.718823161218,10.2510638570403
2000-03-28,0.936419676092374,-3.28358907287299,0.875278453399727,2.8102353979316,0.353749173994488,88.6431123443001,297.933493238877,12.7191097873141
2000-03-29,0.925700110349474,-4.02977328748319,0.694552556525758,3.84928005712332,1.16381799193933,88.3172231259081,300.772569023082,4.48411979682607
2000-03-30,0.993936664243968,-2.63104376992264,-2.94303085960476,3.12572862381556,-0.291363368963831,144.018188000601,254.786321166333,0
2000-03-31,0.273245380018676,-0.842440609027265,-2.10786471745188,0.133461825253695,-4.98906588839097,196.044294761499,216.083476322018,0
2000-04-01,0.172392013209538,-0.811009974785265,-1.92097722571887,-0.80119197837033,-7.51078625194896,199.632563147567,214.148074075743,0
2000-04-02,0.0325568771366721,0.0246218764167599,-1.18673605245681,-0.619397501751714,-7.39095969382673,179.257936544763,239.163627864483,0
2000-04-03,0.680718228982224,-0.132712026870435,-0.176181884087515,0.250902877603299,-5.25727053463735,119.237663776583,261.19004073437,0
2000-04-04,0.557171873638718,-0.743899019114606,-0.81704083294806,0.250902877603299,-4.37415704968788,168.177829228795,238.383690032542,0
2000-04-05,0.704861031471024,0.70139493587963,1.12161705612787,-0.077010179836424,-6.47007632582072,182.806725183104,242.052918396301,0
2000-04-06,0.595313980533061,-0.54913499053131,-1.58712475079128,1.23807149194324,-4.54694466046158,184.351953691488,243.733237285307,0
2000-04-07,0.791007948653025,-0.6479211691435,1.58143791484877,1.20898399016659,-3.51905963237221,124.628932178885,283.809943585144,0
2000-04-08,0.989217736248023,-1.5304554317987,2.57032744386923,2.95652592789627,-2.24249423212593,129.711264101286,278.557414977636,0
2000-04-09,0.940417671471662,-0.0829164394406181,1.42571421247066,1.75987410796253,-3.0860455276215,193.873444478035,262.147117518998,0
2000-04-10,0.810599083565088,1.60257622797317,2.89444544771138,4.01466766980698,-0.367018230022731,65.4595467084452,315.712272092211,4.48676272329823
2000-04-11,0.979827630863274,0.46687167654237,1.47364598238264,5.02943481470356,2.9150581082041,100.408299139897,315.896843627813,0
2000-04-12,0.994451233187215,-1.28597027997925,-0.12317272595913,5.51476586564205,3.03938952646653,69.4424286176345,324.09968413113,2.07384676360853
2000-04-13,0.997089646078906,-1.491911398213,0.0532782071430548,5.43458365372095,3.03938952646653,85.3349583908578,317.352965756296,0
2000-04-14,0.933139316091569,-0.893744533347569,0.278071664962356,5.59180736722411,2.45251727163045,118.525206429761,301.788372746521,0
2000-04-15,0.859563269135882,-1.80642149388439,-0.185776998990471,5.23199871787881,1.05527910938041,153.01294218882,276.012450828295,0
2000-04-16,0.475402169535955,0.499840226372887,1.65680853756509,4.68046203808757,0.427358616977029,187.681908868016,264.918470431334,0
2000-04-17,0.441107391637915,0.195000135879036,1.19645558649715,5.71895634031839,1.52063785817636,126.8493416447,296.298470569096,11.181847286679
2000-04-18,0.998995905106512,-2.43549903422144,0.209682824965011,5.3556830487294,1.63451125540685,98.5972801552169,315.063994442353,7.1338294545468
2000-04-19,0.94515741104768,-0.299727680895505,-0.240271785600272,5.40243470679252,2.39348108360745,154.285981306175,290.992225278184,0
2000-04-20,0.666152122986954,1.1550398291119,2.87721683828612,6.78381350159653,3.2129087550541,92.8786078239276,309.732834795773,5.7607454581883
2000-04-21,0.834978686191048,0.512061480679427,3.82701977803928,7.39388982022578,5.00707620209553,140.000842732935,303.186039190767,3.61852404269774
2000-04-22,0.758615758863104,0.268268999729302,2.95563459355822,7.45924403439071,4.43508294434755,107.439103742695,320.288393331812,4.59375119847431
2000-04-23,0.999905080716431,-1.36475209024056,2.55655199214318,7.9568444046265,3.75907024754533,68.1279130528953,331.948059920865,14.8897851287881
2000-04-24,0.916961464727696,-2.02379808739158,2.00094056442637,7.96862058340888,5.80231146545051,125.280693909531,308.11571067768,2.37295797913728
2000-04-25,0.745467795188253,0.218999897655672,0.309013714215396,7.83225580575812,5.02810197591431,213.199537172018,295.904721135108,0
2000-04-26,0.907806842055151,0.721085953241959,3.31497962257536,9.10051926767321,5.06236504815193,143.450660982207,321.974314051498,1.27922584418918
2000-04-27,0.867443278358314,0.658924712932627,2.75063778874579,9.53462413798163,6.18165957244931,116.757213353817,314.11386695885,6.14728514869258
2000-04-28,0.853426371960394,-0.509205687499744,0.929400002267646,8.71770103803254,5.95193661718368,190.877889506517,301.66685912386,5.16352310398865
2000-04-29,0.738284006852694,0.516187600664891,-0.356617826003175,8.72031845651122,5.47203914507345,141.664906393522,292.65592661905,1.50557691098006
2000-04-30,0.467099959330474,-0.0836383927460662,-1.97385802403557,7.11450059029678,1.82181635237905,278.03298879541,256.927191749775,0
2000-05-01,0.0956845676660291,-0.00661806510651603,0.869203690436199,9.2881667392912,3.00063346573397,228.073546819495,286.759542874346,0
2000-05-02,0.444530276541274,-3.24598507585311,-2.04255405215657,11.6335374091338,3.60837670680178,106.028402110013,325.47410449506,5.17379688380501
2000-05-03,0.964193330066199,-3.46706850193861,-1.85163771877996,10.3413463502612,5.83708708310978,143.357436015602,337.687319742185,8.2574952943682
2000-05-04,0.979654432563639,-2.57156355601399,-1.4552135996549,12.6398841256236,8.6017186664245,53.9362751765241,349.552534761894,9.15783320305153
2000-05-05,0.997377765455477,-2.0275696327129,-1.99848441019096,10.5461660081409,8.48012467739021,50.623942198036,356.130413309078,2.9458118831602
2000-05-06,0.990230183280727,0.169873120862388,-0.572544841828891,10.7793304028921,8.46093193949751,156.215874480599,329.389108731268,1.48287233406703
2000-05-07,0.576981238669389,1.88679788308164,3.62868097352823,10.9000330014821,6.86130953096995,257.289534895893,267.454652457531,0
2000-05-08,0.445010555871135,1.33264858508372,4.04952835516301,9.5234954468254,4.03762862940336,191.085500972313,296.759651006632,1.26978696102831
2000-05-09,0.473855782171517,-0.413306929301127,1.12554984985248,9.75520722135664,4.17811952786722,180.922105759879,305.730109364949,0
2000-05-10,0.905755340394982,-0.961963183412398,-2.16239336847688,13.066909146828,5.22313676009022,39.6457947956533,361.392034940713,24.0915753985977
2000-05-11,0.995587817155296,-1.26270955485953,-2.28158754490401,11.3648235680369,9.81728518698405,70.6876179311173,360.314637433242,8.24650606374455
2000-05-12,0.937729782576372,-0.989236475310654,0.399156638346178,12.9554384544441,10.7038580155873,113.692797957011,347.994684545351,8.25926090572802
2000-05-13,0.925099902673778,0.791291492633658,4.49506302339011,10.9749372802499,7.66837238314302,145.911100398384,331.109700263096,0
2000-05-14,0.938846948168575,0.229117314412675,0.403172198449369,11.3648235680369,5.93460864094184,188.41562896318,317.32600181076,0
2000-05-15,0.696016166812245,-3.53156082210324,-2.48214668509693,13.0696030229115,4.22318998075645,254.853998248569,319.140468184966,0
2000-05-16,0.398968247190102,-3.06317029424322,-2.00175310598828,16.5459709407188,9.07373229385169,237.272266991567,333.834247644363,1.09256145859484
2000-05-17,0.596782117182194,-1.98533588320212,-2.4722774484086,16.6179509948265,11.4455710618225,235.609253226893,331.040554938732,0
2000-05-18,0.41168705414744,-2.24106139846667,-2.17120921728446,17.6138778422831,10.7528286867395,272.231587978401,320.387550000133,0
2000-05-19,0.177295231786438,-1.3251517637874,-0.465979483380957,19.5270055307629,12.1616010214582,244.263697462391,324.346601434781,1.10993900489865
2000-05-20,0.50507807209485,-1.76950677010677,-2.60021014312208,16.2605775593516,8.40101248127177,42.5493949119054,346.350193394054,11.6078460396906
2000-05-21,0.995847908144242,-2.47596185569933,-1.06055797804085,10.786040802632,7.44028471071952,127.933049219622,330.441603201182,7.25568982549989
2000-05-22,0.952172742413628,-2.77874504294805,-3.05774687627412,10.741156391021,5.56641190794074,52.8218999933549,346.847463109821,7.66909369037136
2000-05-23,0.981440031017217,-1.38110112111473,-3.29210736930731,10.169778615226,7.13188467328292,95.9999854041129,349.287477258251,1.37702338464818
2000-05-24,0.818722949098367,-0.508289981322327,-1.9809314367428,12.2452950544832,8.46093193949751,182.100288980379,319.631953520729,0
2000-05-25,0.630405541422913,0.255319903202602,1.44141856361749,14.2219897785058,8.82314122120158,304.450701937719,287.411398691579,0
2000-05-26,0.555626365651393,-0.153248543155233,2.12848414315228,13.9513230221615,6.51462316498461,123.841963372142,351.932431796811,10.289076195759
2000-05-27,0.977331278765552,-1.99259456712706,2.82720073061564,14.672398942163,10.8484678893257,217.24196222201,323.540991560824,1.66632127076794
2000-05-28,0.521972371272917,1.36612137367379,3.65545086670862,14.0040989041667,9.96021674014952,271.259791011557,303.552359865772,0
2000-05-29,0.2756627982606,1.06576000998191,2.94868800029407,13.7618575468576,7.82077594473761,273.220027765478,295.842334479721,0
2000-05-30,0.40368467939015,1.60257622797317,3.06933431442875,13.6093099899127,8.22345646931966,165.529943597199,335.575677721591,8.36903576944895
2000-05-31,0.99453882274201,-3.19414096441014,0.542183430566631,14.8539371775875,9.99010763160604,90.0245870470161,341.016576559625,9.01377682867239
2001-02-01,0.226920189097072,-1.89094142374847,-3.81991086295372,-7.20716346314653,-10.9741831431787,39.3178790609301,205.865178448728,0
2001-02-02,0.771248175775353,-1.72640947139747,-4.0240233131948,-10.3146321668651,-13.8919483246723,36.6716922585662,203.863926082133,0
2001-02-03,0.791303572354322,-2.28196117030222,-2.77177088618751,-12.1375161307052,-15.6578973390048,28.6838434359576,229.623942037833,1.55285666884937
2001-02-04,0.99198491221057,-2.787548149996,-2.09018715449282,-12.8931181536085,-15.6578973390048,24.931828931898,255.07612962041,8.4817752848433
2001-02-05,0.999905080716431,-2.97194145903591,0.926548290293391,-9.78957963091712,-12.3404137380003,25.9818279640722,276.291057436379,15.1185897740341
2001-02-06,0.981589173979698,-3.93744364317404,0.909520345462067,-3.63919279887652,-6.59146819751683,27.1242012982443,304.689524690529,7.51020221884827
2001-02-07,0.934393694474769,-0.903403686191943,3.6133268091907,3.05874282697913,1.17245652772132,23.3944113339215,313.783854675331,4.63414166488647
2001-02-08,0.984878438279149,-1.91982072432703,-1.28016689004381,2.95554927848692,1.44606163097865,23.7237156168446,315.194929771647,2.10838181095324
2001-02-09,0.997678623963976,-2.1529789005457,-0.284170236498084,3.5156115177726,1.75542200001698,23.0374755112373,315.783521598352,7.29081931574038
2001-02-10,0.999375088120769,-1.88329114143961,-0.310311760359825,2.87577884672695,1.41008053900271,28.4221074991967,303.008473539093,1.10402653059491
2001-02-11,0.852253421798572,0.30289788773096,-0.134493867827204,2.36195739252923,0.523194426761801,52.0828099926019,267.719522362745,0
2001-02-12,0.802125144906947,0.138918404724513,2.5788200488845,1.20993121609639,-0.542147009659386,19.9505535971042,319.199297973363,2.41110972108431
2001-02-13,0.999905080716431,-0.331626653305735,5.58209325558604,4.66498111709437,2.66620635783991,24.7682575220352,315.779637862626,1.41847714356983
2001-02-14,0.989203228329627,-0.3325149077074,3.34789433487693,3.89684176219016,1.93712513566377,49.7227169595635,273.930558856062,0
2001-02-15,0.768856079096583,-0.75019263317607,-1.5001358311862,2.16294456997616,-0.473797951729609,57.7166527898623,248.401679776557,0
2001-02-16,0.301518229730639,-0.165400406835937,-1.14553456952235,-0.967833085121297,-4.73949206651294,72.6285346824978,217.094719130882,0
2001-02-17,0.303544878535134,0.49954413137241,-0.642908394671605,-4.02155706569336,-7.79660390745284,73.9718416661404,218.131208631639,0
2001-02-18,0.101034315308874,0.254256587623053,-1.6355186750895,-4.74017457401583,-9.69467903669061,74.7788935151202,223.153316291263,0
2001-02-19,0.435954463393713,0.898332087220569,-0.732108700819531,-4.02390519246577,-8.10725662344771,65.5658042214206,239.492458126972,0
2001-02-20,0.859021373730163,0.431752836946618,0.653271924782993,-2.7358759729185,-6.23182643306449,58.3947752731091,262.406169630276,0
2001-02-21,0.750283564772079,0.612612664681307,0.322218627374038,-1.06222647580768,-3.90881413384882,55.5756039170755,260.55349370742,0
2001-02-22,0.96517921818577,0.427278513412652,1.17812949364174,-2.27003048140033,-4.37939968434117,45.0717229323909,291.360237364234,0
2001-02-23,0.777619023977384,2.45459468728697,3.42899210705932,2.83599936853636,0.869905106890656,48.7438766113793,282.539905645747,0
2001-02-24,0.840653956261164,3.66628336979164,3.84380126473399,6.91123479046062,2.77136786749448,91.8440640628507,242.327028496934,0
2001-02-25,0.183007536628882,4.39699025038689,1.651838086738,5.17138530997796,-1.26313703563088,84.401159938513,237.005741510143,0
2001-02-26,0.424945827394095,2.03666179959143,-2.56116108055679,2.63661175916834,-4.10132146268249,92.2377270423215,203.079576089096,0
2001-02-27,0.3216250522399,-0.0203806006783027,-3.96597732462354,-4.09038604869081,-12.3269711208894,101.155116971962,197.75515413583,0
2001-02-28,0.26665200948398,0.0605314711444916,-1.81001687499734,-4.4543039773377,-10.9534952356951,99.3711366405977,199.298453796506,0
2001-03-01,0.0730747907551738,-1.87683361627417,-3.19118426393434,-5.60559734916325,-11.0670877575694,91.1291099187796,212.336917113161,0
2001-03-02,0.891118119925832,0.637797579867883,-0.284170236498084,-5.62593099745386,-10.6745982412247,105.06162539491,219.648980778432,0
2001-03-03,0.292156724918435,1.30457700441601,-0.330199426048165,-3.20668569298294,-9.42819765555486,101.357376594973,236.128574036847,0
2001-03-04,0.58773767545345,2.24378059720344,0.650827593915056,1.3901743175696,-4.36191684491851,112.043453639876,229.441428095572,0
2001-03-05,0.000457431269579921,2.92051471205092,-3.14278142568283,2.46142541243488,-5.34732979813556,108.866106193059,211.674931206072,0
2001-03-06,0.192337438586104,1.18959820017162,-4.67616609793921,-1.02178463814148,-9.94925856725724,114.721490593337,212.336917113161,0
2001-03-07,0.78820921035651,0.396800960086121,0.492240298668548,-3.29280335089573,-10.7382190582114,110.10444209441,218.917061604309,0
2001-03-08,0.296946668579295,-0.195500346668906,-2.69632524156225,-3.03026881814709,-10.8473882957571,125.528930245472,209.448977939775,0
2001-03-09,0.159388394482656,1.47259688838272,-2.28553093794831,-1.33619600476726,-9.59585192182499,101.86450832564,252.218309753506,0
2001-03-10,0.922930488143436,1.3445192821373,0.224277523480828,0.0974545899801771,-5.08804181833589,126.502289028948,242.31783849556,0
2001-03-11,0.145481346635986,-0.33225036429768,-2.13158955756028,1.30647882417414,-3.75908293047281,132.704757120432,225.85315473777,0
2001-03-12,0.307979725462843,-1.80024697723348,-0.0389886955679018,0.101092607883899,-4.32724883586242,51.616241060933,278.610538725598,0
2001-03-13,0.880490528657417,-3.28358907287299,1.5470805075777,-0.0418136827366297,-4.4038959832368,121.667280640559,227.413475723451,0
2001-03-14,0.213150773233466,-1.44369988479245,1.67717523015443,-3.05399329476509,-9.25501152668193,126.801179102836,226.633380793501,1.01707358153871
2001-03-15,0.646439337356093,-2.46544866804057,2.24476639174453,-2.47726318642503,-9.03471122459197,48.3478746469384,288.83568711096,9.24739225745533
2001-03-16,0.988050032383053,-1.68102132577932,-0.479711319447385,-1.25832170541389,-4.08490527811691,66.1944560341153,292.373869911914,7.53134276798682
2001-03-17,0.985268646934977,-2.46009791381706,2.33558792890054,1.48808285391853,-0.711881532666123,43.8632827586611,312.21589408512,6.43935314191107
2001-03-18,0.994408568791904,-2.08761907274605,1.82160319064431,3.38289558892114,1.50350324063148,45.7364998759028,308.436132099549,9.44345137640682
2001-03-19,0.999905080716431,-3.84556351680549,-2.87524616850281,2.81187428834325,0.461884342839926,53.3694678433134,305.534466545641,6.59679619613294
2001-03-20,0.925700110349474,-2.46663248516437,-3.05155125137642,2.37739870436674,-0.549540089761195,145.506408657807,260.632826709029,0
2001-03-21,0.812171379634631,-0.0112047141187568,-0.587139723371011,2.23636098133643,-1.35502049034128,162.233294669421,241.174822419698,0
2001-03-22,0.564705386692049,-0.252639919258595,-1.67161647658315,1.46311047100221,-3.11718730893702,134.872815796387,272.778679967639,0
2001-03-23,0.676740002910623,-0.326198609159929,0.0608158447027334,2.56437859302654,-1.65936891514208,137.761961749792,267.719522362745,0
2001-03-24,0.432086448831102,0.9944476293201,0.963638058677293,2.42170989293745,-1.11025412614154,152.177655637185,257.796499419841,0
2001-03-25,0.599634576778142,1.11003989401252,0.508722284830519,3.12572862381556,-1.08246062193958,168.999357638465,247.892029325067,0
2001-03-26,0.530621230357275,0.4432486746928,-0.700973415257481,3.08017066009411,-1.39600278822033,168.177829228795,246.619460591423,0
2001-03-27,0.192337438586104,0.0438970716676956,-1.67159649440313,3.56331141995344,-1.12872172571933,165.9871687479,250.664148464796,0
2001-03-28,0.679485543418747,1.31123135893639,1.56828191248807,3.89684176219016,-0.640215456791008,183.885607427908,226.932702615208,0
2001-03-29,0.0442106167494418,2.50573754237261,-0.672578189436917,2.59053594123331,-4.03905842611266,182.806725183104,226.783927739013,0
2001-03-30,0.241864801895914,1.58296456261109,-1.92761793128023,1.96835110367648,-4.48809645304939,151.315209719759,239.163627864483,0
2001-03-31,0.674834589807089,0.274763685881405,-0.0237657721884629,0.895881291743592,-4.46198162625052,151.651232880663,246.447603803328,2.37120189145755
2001-04-01,0.756306145236548,-0.637223300210303,-1.95692016010807,0.412632798638648,-3.35726908307823,145.559047165881,253.301781974107,0
2001-04-02,0.745720976355787,-0.509205687499744,-1.63841105829695,0.337510033986631,-5.84621656916693,164.330216999706,238.993012708744,1.84471057122582
2001-04-03,0.76071595391861,-0.224226493553546,1.56840820635359,0.101092607883899,-4.7758792143906,133.623350690516,256.561122240533,4.01740730717387
2001-04-04,0.778021605166674,-0.630281009155897,-0.0696275772231144,-0.360853835386571,-3.64762901250598,170.314301805156,242.83619263746,0
2001-04-05,0.852637817013567,-1.0175658106483,-0.53864465221629,-0.362163302975895,-4.37939968434117,151.562880957186,251.894085410296,0
2001-04-06,0.44671283091177,-0.396018423283332,-1.90394916339983,-0.00510825565624058,-4.55403025975417,211.839808038533,219.597475526715,0
2001-04-07,0.0133307639212906,0.0087725685483082,-0.972273632535068,0.39056320501836,-5.99820678085547,216.884366410726,219.118304291973,0
2001-04-08,0.0163971478396013,-0.700643692926292,-0.577034205367355,0.418076648897924,-5.40836915968175,218.963280597266,222.206213343757,0
2001-04-09,0.0100482526193479,0.666699230701574,0.0117463739841051,1.42465465816287,-4.7758792143906,219.070548954957,223.0598990159,0
2001-04-10,0.0373045432251999,-0.897544344547931,-2.76562185248748,0.769493457288277,-6.47200431154121,227.880169161615,220.913130425207,0
2001-04-11,0.0373045432251999,0.0519843023005162,-0.629015168408136,1.48808285391853,-5.33827920820726,231.164708508828,226.688843147422,0
2001-04-12,0.0460799480630375,0.904847359461487,1.77507942891987,2.56769233887302,-2.56520394098162,220.732413316485,238.254739280563,0
2001-04-13,0.604701510788674,0.820003367242211,1.09378448058367,3.19728941029762,-1.46317821748174,234.574212896418,236.800436131089,0
2001-04-14,0.021696143988545,0.398195726700617,-0.104613404942149,3.807381330738,-2.07178005215017,226.978976533165,245.463660860165,0
2001-04-15,0.388847349326661,0.0527833726284003,-0.877199681776573,5.09048230353931,-1.52293906711773,230.82254641394,239.532568569311,0
2001-04-16,0.135691352503593,-1.35542234790315,-2.4474816778606,3.93346927051915,-3.3699574349971,244.501698991049,227.683982406661,0
2001-04-17,0.124761416043959,0.00409119227987884,-1.88044602883048,3.38132537546034,-4.36905115438518,228.224704030641,248.396817958946,0
2001-04-18,0.0554679600242604,-0.00615565456262958,-1.7607254508389,5.22163960831896,-0.961895088071195,249.139066514424,246.626779236928,0
2001-04-19,0.00282979115731869,0.598719619311494,0.402198306738922,5.89074554977938,-0.0644084790530113,235.464315009412,249.408040241002,0
2001-04-20,0.22908322809854,-1.16653197916717,-2.68025959750726,5.82318258257212,-1.57207090912174,227.880169161615,244.721317538246,0
2001-04-21,0.353012426511857,-0.856673905755634,-3.51533895839837,3.80041907889091,-4.01506048346645,200.993129859027,247.54543839665,0
2001-04-22,0.444530276541274,-0.13689282616345,-2.70249056382695,3.74946030699881,-3.62921006498051,188.846618765697,259.47701051217,0
2001-04-23,0.746126253172388,0.417413527650391,0.224074822141768,4.79073072554335,-1.50655646979938,215.424999311622,259.086723210045,0
2001-04-24,0.459354185808443,0.629847399308546,1.58452591384135,5.61331457176825,-0.173602751329139,213.327605584645,262.092543658789,0
2001-04-25,0.564753998161773,-0.246529202342105,-0.937894448828659,6.04385781747258,-0.815381081912949,217.494214718365,272.085495612518,0
2001-04-26,0.676131267637656,-0.0415569005279392,2.1826415516535,6.70223089084616,1.49364067824621,53.7914853085519,311.323676847244,8.3869118421155
2001-04-27,0.975441268843267,0.158961287624356,2.37403828881495,6.37651929164748,4.31233155064932,123.763065475867,316.544734490748,3.12662862274201
2001-04-28,0.925417505131625,-1.26536573339294,-1.97091540933452,6.18680280001387,1.83389014523152,112.933693362851,298.485099508885,4.1452238043231
2001-04-29,0.999905080716431,-1.13817846883389,-4.62769540218336,4.45148560543072,-2.82181531401338,172.671293059387,283.885946839465,0
2001-04-30,0.989203228329627,-0.22558869439524,-4.40650975370748,6.24357890844929,-2.57381348052198,226.202773094294,274.607993068835,0
2001-05-01,0.827600765172833,-0.24921571006763,-4.66985484316233,6.40729623126644,-2.19294596709484,152.124986428753,300.814766977933,0
2001-05-02,0.964197331208783,-0.105648213467151,-6.28290682685078,7.20762997468836,-0.234889662779667,218.535120637017,288.163167877123,0
2001-05-03,0.729052915099161,-1.55567941942909,-2.97246808600379,8.09403664909896,1.83373171789796,224.134767101394,278.082868406789,0
2001-05-04,0.389562065964849,-0.0736843887956927,-1.83643505155442,8.8212810262447,1.49990531284052,259.738825613135,268.59635504163,0
2001-05-05,0.246243127500747,0.676353965508997,1.27156236238759,9.18455432515783,1.64507889767378,271.170549725223,263.069513170778,0
2001-05-06,0.105948258386709,1.14504730273756,2.27970729586405,8.17708190399253,2.31620069241992,280.342924905742,264.844832682165,0
2001-05-07,0.472586882061949,0.615828405781975,2.91227413791027,9.3775711151347,3.17604681285797,185.893645003921,303.602631302037,0
2001-05-08,0.855752795314709,-0.16124790862413,1.66669468666052,10.1173238092456,5.72697817415773,50.2238110678826,344.380937751309,17.3003901581405
2001-05-09,0.999905080716431,-3.19253417109562,0.227141959823015,9.77891658924264,7.18179724785678,120.007547222501,341.464179901373,5.06953425329309
2001-05-10,0.976721295961926,-0.283614101462391,-0.933345268493243,10.786040802632,7.58649593436588,34.1142876339192,349.76772983996,26.1251839500592
2001-05-11,0.997713870750534,-0.668470272863164,-4.26512360993352,9.39362912792623,7.23569927297136,34.7531841921151,338.284591649068,24.8357375300043
2001-05-12,0.999905080716431,-1.37001966763628,-4.85028773926126,7.11857760130347,5.13158850030437,48.505895348183,327.522073193319,22.5477425943672
2001-05-13,0.999497064210464,-2.74778264526874,-4.52409640033139,5.47506609238655,3.51793903509978,54.1581728632585,326.118434284746,6.82444080782691
2001-05-14,0.855858861632888,-1.24042856022914,-1.52899421001981,6.67214394891549,4.48418580605844,147.338871772141,320.468301208803,0
2001-05-15,0.999905080716431,-0.928209484000382,-2.36838318083384,9.69655250437683,5.04638975333263,80.1691041846901,331.333585612217,10.9494725060183
2001-05-16,0.993936664243968,-0.707413858951108,-4.33528461668659,9.33810405042967,5.51333024217601,85.7295840198418,349.767180726483,7.47485656841892
2001-05-17,0.996769740293864,-0.283783042862228,-2.40568354626592,10.5023979601902,7.00670177047199,120.260675026524,348.115587784714,1.66632127076794
2001-05-18,0.919694491732119,0.15526241845314,-0.439041735819996,11.6552725434955,8.57584442881814,203.233028580278,325.47080947018,0
2001-05-19,0.803339508050322,0.0176121863249716,1.42633730380897,13.1980138829411,7.99436497276195,194.81251168388,318.354834902431,2.72899091224598
2001-05-20,0.983305368318126,-1.18560577322577,2.84003010141549,13.9513230221615,8.05107881314676,36.7969717551492,347.840158041743,20.6423014657529
2001-05-21,0.993386240812065,-0.958046996280886,-1.37107295158918,9.46937381148496,7.371825423826,67.6915452236366,341.016576559625,4.85706439101232
2001-05-22,0.833918106921684,0.238076394745476,-1.81145940015582,9.84649436482886,7.44028471071952,92.7271960394821,334.907652095022,6.49569873919558
2001-05-23,0.809438940258119,-0.905282282066717,3.46012619769223,12.0716049512008,8.83348622679922,196.443154448545,318.355066619082,2.86849762571734
2001-05-24,0.653671972548257,1.64065466994119,4.46220272819377,11.4783071284825,7.28692590798781,282.992758490426,290.394823167983,0
2001-05-25,0.284112617047444,3.19812547971233,1.94608843909705,11.8750646759798,4.64198935683083,296.715800163652,284.955233439283,0
2001-05-26,0.62351227372947,0.196336371859592,1.46536003342227,12.4277619946692,5.30851202079464,91.1790898939693,341.666278712562,6.60451242745203
2001-05-27,0.932720281610231,0.637797579867883,-0.653031837330649,10.6722629270348,7.10810356162597,191.866985738219,317.150055022569,0
2001-05-28,0.747410961671901,0.678682077564291,-0.6592506783116,12.8671017110787,7.18922759183932,281.076271783008,289.616224135118,0
2001-05-29,0.38925745593006,0.269203551035412,-0.636453068557211,14.736420894308,6.21929126643173,263.886216085127,303.508565909677,0
2001-05-30,0.48274523120773,-0.0899164908092427,2.34185244884385,15.4098536030538,7.75552653304804,210.852857222399,329.389108731268,7.04586793465308
2001-05-31,0.797183324285505,-0.371036614561079,4.36777971379902,15.0788761522896,8.35278035619358,61.3238941734081,356.942446358594,10.9649066993883
2002-02-01,0.97875124560162,0.0363915826093722,2.76491465005261,3.57128857858217,1.53894172431312,24.3240012671482,303.075289385198,0
2002-02-02,0.920767915979963,2.77656491884497,5.63726391916041,7.96914301758686,4.39613556852481,32.9683558988919,307.69006418769,0
2002-02-03,0.997146155434829,1.141711494621,5.16297346813672,7.43808002299685,4.26059404438436,23.0374755112373,303.418147492792,8.0115193703404
2002-02-04,0.749791709935,2.10778393764877,5.46956610729317,6.28773658352269,4.04813083786779,24.0446815276398,298.565237630598,11.6078460396906
2002-02-05,0.711232623448792,2.12332346398979,5.51292704266099,6.51487824694803,4.10921913077179,26.379842324315,289.614046788215,3.70322910280928
2002-02-06,0.59830368112788,1.60257622797317,3.84310353966039,4.5189685401271,1.83373171789796,30.676032381953,282.299369795333,4.03300917112408
2002-02-07,0.884875800152315,1.00822641612055,4.37921272198019,3.38262243367008,1.39315365304166,27.7158532538645,294.205835932666,2.72266819572579
2002-02-08,0.975672475318892,-0.0119896119460617,3.00394404495725,3.17989047071768,1.53056693122241,32.9987554604638,283.042705123368,0
2002-02-09,0.852637817013567,0.969343438343688,2.4657674946494,1.78734744640793,-0.121768332443191,37.0706881272581,276.291057436379,0
2002-02-10,0.851064596069258,0.0555405842487626,-1.02974494476171,-0.50766209174682,-2.56520394098162,39.9449883492713,277.68582020229,1.86908286783546
2002-02-11,0.924519763190793,-0.724355267889827,-0.972273632535068,-0.90947975250417,-3.56351150192985,24.9261669414697,297.09459480983,8.0401834718828
2002-02-12,0.989013071244795,-3.69103114327856,2.47536662509961,1.27239330847934,-1.27455984539648,25.3462045744806,301.213630875864,9.58583237801105
2002-02-13,0.992769758293727,-2.44876318253,1.20167940358667,1.04919960966456,-1.07554768952037,26.2879634471472,309.434814628198,6.68659575446901
2002-02-14,0.995587817155296,-1.44369988479245,0.964071334739591,2.43983825419897,0.942921368370245,33.5375458135473,297.947065016623,0
2002-02-15,0.99564278492802,-1.81078090180251,0.0174004978620775,0.967767926298927,-1.05354420165686,42.0827382822956,267.553286910688,0
2002-02-16,0.60275361933313,-1.26270955485953,-1.63841105829695,-2.06898213537399,-4.52133050697532,38.5161005768054,272.989768443278,0
2002-02-17,0.974489610750023,-0.463616195874007,0.322218627374038,-3.44960183460975,-5.8768228849453,57.0718151331327,253.386461426081,0
2002-02-18,0.601961661479315,0.135684705806714,0.417193989237646,-2.07986045436966,-4.90150440295288,35.0157758529897,275.953394564074,0
2002-02-19,0.984030670117834,2.11945239594959,2.50765342656835,0.334556913877648,-1.59540646963648,53.737760773814,268.094819924462,0
2002-02-20,0.859421814963449,2.92463834669945,2.52818099426803,5.25126604995653,2.16104499298513,54.8768759061281,279.923377863203,1.0857637577418
2002-02-21,0.977641180755305,2.38404432141466,5.55416693923004,4.70382640394531,2.12428993556721,77.0324319508635,252.458179183425,1.79629852356627
2002-02-22,0.691309176026895,3.35769913083314,-0.211588814461792,2.20109539949032,-4.849086848368,58.6699475039593,231.809366216773,1.0343544567485
2002-02-23,0.698152176946167,-0.671555671606785,-1.33104037668934,-3.93565680584271,-9.19840587510174,92.502201083231,193.079447025299,0
2002-02-24,0.268432490081385,1.14205601000059,-0.732690153431105,-7.39550643094501,-14.2044603299732,89.1390522219327,186.026381978018,0
2002-02-25,0.142026359166785,-0.420867971711444,-2.8121896751911,-10.5796624246266,-17.7670578937829,89.2843209335225,184.610440693779,0
2002-02-26,0.359853815302413,-0.483066619781937,-1.86718023666308,-11.4667187221916,-17.9708473345942,94.8128108642777,192.554987152284,0
2002-02-27,0.414506083785295,0.138018213962096,-0.278026014644424,-10.5796624246266,-15.5973107807254,89.9876780674265,197.407802097871,0
2002-02-28,0.3216250522399,-1.45082525578106,-0.76162077793396,-11.168857337884,-16.5509817419084,100.903750277332,198.775557127595,0
2002-03-01,0.479213560315849,-0.501574149258108,-0.990183634764197,-9.40376742487094,-13.3407261799974,102.32921177693,192.821428607917,0
2002-03-02,0.119573145983066,-1.44833234425875,-2.50450216644054,-11.0060400633681,-15.3544874596765,109.323654834626,184.868507795171,0
2002-03-03,0.229371841498152,-1.00818864363961,-0.489629768915029,-10.8188241442542,-15.6578973390048,47.3484085223727,247.935989583224,0
2002-03-04,0.997478620193149,-2.77874504294805,0.539204119602145,-5.6937788627103,-10.3884227687628,81.0872146635784,253.034886217816,0
2002-03-05,0.771075958122184,-1.30993499098624,0.841399148228316,-3.15219810191282,-7.7214125841906,101.994555722766,236.668131509126,0
2002-03-06,0.591423063065702,1.5745826865876,2.34684674673189,-2.31632383175647,-6.23174987413558,97.91157964427,256.826124914976,0
2002-03-07,0.700912577221298,-0.0439738727467587,1.12314612863439,-1.25649514364816,-4.36905115438518,67.04737952503,285.586051167286,1.28368731289628
2002-03-08,0.997247615656896,-2.51087252297564,1.25718327738029,0.732150253919517,-4.52263535933312,32.8142930088596,294.773232940069,4.70059361161588
2002-03-09,0.998667985836226,-2.40625409200472,0.94953213711615,0.43183825335699,-2.87701270384821,29.6578077919633,306.167718093126,0
2002-03-10,0.999905080716431,-1.23868413280517,0.0874587629430494,1.28712080611416,-1.50221047325759,41.0215980857789,298.485099508885,1.38809165715269
2002-03-11,0.998999742265748,-2.48989718557187,-0.587060710233953,0.938135481091111,-1.89163878890427,59.8508491248576,276.980679722422,0
2002-03-12,0.961882434711231,-1.86594216328982,-0.0368405359816146,-1.83218310329046,-5.98122540954386,93.0437355313902,249.429445589794,0
2002-03-13,0.635919773552771,-0.698794113171697,0.609790216639911,-2.08547349011611,-6.73153132154097,139.718481282273,205.972300981346,0
2002-03-14,0.159388394482656,0.593108643825916,0.204426884741943,-3.9553300717734,-8.82207678417455,145.558421368565,208.024361447866,0
2002-03-15,0.462710318410953,0.129571105743232,-1.63964867570276,-2.62197893334038,-8.26809841114708,142.467518479822,213.649843954429,0
2002-03-16,0.619960972362257,-0.400112475041995,-1.76678479857949,-1.40749328392817,-8.07986594149992,145.911100398384,221.577192772934,0
2002-03-17,0.0522551277930639,-1.44834790849083,-0.0601932679769732,-1.0589246504562,-6.43326418160821,141.896155665416,250.90234444852,0
2002-03-18,0.44829255965982,-0.260932352334129,3.48409587424413,1.06805305092314,-2.50537859783697,34.068721933528,301.630452332853,4.68299282526177
2002-03-19,0.568700533179301,1.76058984303842,6.44129670402263,4.97222097486725,2.18845977575362,143.327137307136,246.16264038387,0
2002-03-20,0.6391358607214,3.35769913083314,3.38282750159068,3.89684176219016,-0.962960153985727,146.722979304718,240.814335958931,0
2002-03-21,0.432334804104058,3.03014221568551,-0.178329181866155,2.83053185952665,-3.27722026641979,107.779987113445,279.06533648569,1.11313136152564
2002-03-22,0.999138616041457,1.8127852408069,4.32115851924382,3.87639060827452,0.246148700959738,63.9609166762793,302.388218390633,0
2002-03-23,0.57770352225211,2.05357758948959,1.83563855724102,5.80466994980826,1.9966343923882,154.287236682869,256.970792559564,2.58523453938604
2002-03-24,0.622660280738614,1.17416251536089,2.7773258379433,3.81313751019423,-0.957024021222658,168.972593551417,256.155358483217,1.66632127076794
2002-03-25,0.382010365107654,1.15433269510159,0.860009508614211,4.50973428793069,-1.07767341196867,53.7112220504666,301.042596747213,6.96318745977012
2002-03-26,0.996747649134867,-0.891494784891098,4.46220272819377,5.22358044780885,2.96952563607526,133.289471547669,272.085495612518,5.09868635472999
2002-03-27,0.356300061741809,4.21360125518507,-0.30020864815507,5.85633256130015,-1.49767858078993,142.622060594861,272.739199553592,2.4348059862789
2002-03-28,0.820042144874051,3.10777585038536,5.15917714754623,6.40173686609856,1.65623487592251,180.775009763591,255.987279780038,0
2002-03-29,0.265939206710405,3.4955649724561,-1.50084191882045,6.12509657132582,-2.67958605358024,131.184023291135,265.986193451178,0
2002-03-30,0.570378807436656,-0.47428185753974,1.11376627872734,2.68731685084448,-2.32609823858537,187.681908868016,231.368905170907,0
2002-03-31,0.000377999782073013,-0.706625501536493,-2.12992921224131,2.78513549808993,-3.91875795169927,171.552359408081,231.018006166914,0
2002-04-01,0.957564800775575,0.598757495445568,1.11509705103135,2.33935238421246,-4.04109133255064,179.18379750709,237.952641773042,0
2002-04-02,0.470350711044538,0.778961974823665,0.980656966646265,3.28331410581718,-2.2935055910716,191.040827339697,243.740344500276,0
2002-04-03,0.6391358607214,1.03465277632363,-0.55674498893901,4.64473725416649,-1.83809303484289,200.39083432102,248.015751574837,0
2002-04-04,0.143772218065265,0.0797314890243646,-0.356617826003175,6.45956720701524,-0.569610301303779,193.561469590763,255.987279780038,0
2002-04-05,0.461971087573114,0.50757732346377,0.888000627430629,5.60786774512946,0.516756176565739,202.179071821595,253.947922714081,0
2002-04-06,0.469360132565176,0.639491438872762,1.83522572836723,6.21365453994837,1.64921529234824,203.538339953348,251.894085410296,0
2002-04-07,0.393612692466994,0.368555836092421,2.40871190281093,5.65288935045474,1.88886877104913,181.955604726661,262.068657397516,0
2002-04-08,0.686228370454255,1.79898264499729,3.9786188271325,6.56359740620338,1.65327448381952,212.982996034456,243.83911065151,0
2002-04-09,0.262879842368131,1.19229671878963,3.95138773634942,6.17307615684281,0.770079450776301,206.490097931314,251.501274702517,0
2002-04-10,0.493555204373683,0.206463488574097,1.651838086738,6.2055121942818,1.74917364848053,205.611002504128,260.718631280619,0
2002-04-11,0.262308676248178,-0.144736264753129,-0.333389948910335,6.97918704532007,1.63842433990511,211.610908623329,253.287535554729,0
2002-04-12,0.229116979045536,-0.149290916305809,1.83782956131511,7.0220947270499,0.594329088865027,159.549200275763,272.922266862687,3.57360704454606
2002-04-13,0.617566172421848,-1.57788962636399,-3.65064209812907,5.61331457176825,1.05226784434028,202.179071821595,261.809346027241,0
2002-04-14,0.388388428657922,-2.16434178839041,-3.97514872343598,4.85203978544458,-4.45477671751198,204.463217781611,252.686191612216,0
2002-04-15,0.604970364125486,-1.79260618967229,-3.97514872343598,3.64085396611874,-3.42961701160155,209.450422151389,261.553748185539,0
2002-04-16,0.41168705414744,-1.25491292623754,-2.36710605844093,4.75569869029067,-2.77373058497038,242.547877593403,232.660679083025,0
2002-04-17,6.20121554341931e-05,-0.630417404847598,-2.27726990888511,4.9447098069713,-3.42473407069836,200.721438852633,247.701719759275,0
2002-04-18,0.219605537237962,-0.367720974818848,-2.08955385771161,5.22197135734196,-3.1386078330354,250.308061143592,230.367736328694,0
2002-04-19,8.65066837953686e-07,-0.523346347282786,-1.45854232002102,5.13161536217593,-3.42473407069836,252.232464581067,237.279866986884,0
2002-04-20,0.307979725462843,0.582037026268266,-0.101112534556932,6.72266821622061,-1.18402144499487,251.93189669061,248.09991036801,0
2002-04-21,0.0107493041638035,0.688348941574857,0.580542546687843,8.28339143068598,-0.0614301050917728,253.757470404089,250.448538573172,0
2002-04-22,0.0697318666126465,-0.663778655720617,1.70292713654073,7.9147677539549,1.65927734786275,173.725640805709,277.182594254252,0
2002-04-23,0.918033293895835,-1.54297595613589,1.22259196458412,6.65993730983861,0.65033150774646,156.665815157774,290.50815199957,1.24636402488098
2002-04-24,0.772365793653835,-1.46892020885893,1.28594495728825,5.81843612879504,1.6170653795275,63.5233288488577,319.307794468894,9.15783320305153
2002-04-25,0.999905080716431,-1.38110112111473,3.70274586942627,6.46943049614709,4.13627247039472,87.651734635892,331.371052844247,16.8121826587111
2002-04-26,0.93690661345632,0.504856858085155,4.30633722844074,8.54716216697989,5.92190102121069,92.3989037194495,318.125923799257,5.22292186731825
2002-04-27,0.75961756229327,-0.749099027065657,2.39732219759962,7.51121661082144,5.21773520066737,140.017032326269,297.408289738552,2.44216678181759
2002-04-28,0.887743795859992,-0.940832643152793,-3.62546058117454,6.96496136614844,3.0505262513673,172.43602358402,289.466223104428,2.61246898525368
2002-04-29,0.726454920375736,-0.00393649016303434,0.696310792534924,7.47351517618065,3.75907024754533,243.778288731553,272.567019731074,0
2002-04-30,0.334737770748829,-0.0437518314060887,-1.61197742555733,8.89592257221919,2.60260516828653,264.705760170569,267.454652457531,0
2002-05-01,0.667983425453246,1.07693152738056,4.27099374457555,10.0776413099513,4.11430209710327,120.007547222501,338.901019056303,0
2002-05-02,0.977215603746858,1.66227265563898,5.06000250522239,10.7086318410599,7.48699714177543,141.187956137581,331.749438824267,1.31241330587294
2002-05-03,0.797604815996998,0.725712529450447,3.06933431442875,10.5980648218593,7.2905003104189,137.430539730243,313.129852346662,3.08904496020766
2002-05-04,0.650734632993301,1.3585552118264,3.5698866796472,9.56426858391235,5.73736950681984,226.696696223446,290.807258374406,1.10424929661754
2002-05-05,0.782717110408423,2.83571002883203,5.32135688029714,10.1038081957335,5.17902751723771,197.35766740148,292.584159445026,7.24842766557124
2002-05-06,0.336554575468553,4.4458909778276,0.39899277469806,10.5731627489386,1.65004450133491,242.533717237905,271.849706508623,0
2002-05-07,0.321657006191344,3.46426291669074,1.46593494828506,11.8375948484843,3.17604681285797,290.620979611897,255.706373445486,0
2002-05-08,0.021696143988545,4.02657928205931,-0.658759842261835,10.9729456214521,0.708450201352564,255.46711665771,262.029424764226,0
2002-05-09,0.219091645254937,1.02499085610354,-2.86866639992699,9.99278868617068,-0.308068356527481,265.133549065265,261.095972665879,0
2002-05-10,0.605979134855873,0.108522898858451,-1.60429588551839,9.57290011487202,-0.51254919517474,165.580572630641,290.294374596202,1.26978696102831
2002-05-11,0.693709597518021,-0.203845759736434,1.19545562581443,8.11785655899591,2.77136786749448,215.228038252009,286.808907865575,0
2002-05-12,0.794891620746431,0.594353831214455,0.500915300933258,10.1265491983673,3.81905011347792,223.445926795463,280.709624793913,0
2002-05-13,0.486070978083607,0.270405315130348,-2.00175310598828,9.53337551693721,0.152779126584045,273.661244642034,259.208049992121,0
2002-05-14,0.24137467416658,1.6794500871046,-1.14677003020942,9.27230028917082,-1.17846765226525,244.173217883362,275.907585540571,0
2002-05-15,0.725103094694011,1.74097933889684,1.49080490754814,9.97288630821099,1.50046068052518,248.401864771317,291.54459164059,0
2002-05-16,0.650900236446153,2.75352503338312,4.03075183319683,12.6398841256236,6.23769866313631,126.447631409195,328.093397535378,0
2002-05-17,0.900918294166617,0.463069154730408,4.88597718294167,11.4783071284825,6.18301168205215,92.4363382919325,322.015870256943,3.43567650742361
2002-05-18,0.602197600143659,0.381164681798894,0.785913485820938,10.9296654766486,6.44585626646294,296.24105994688,268.59635504163,0
2002-05-19,0.234517883909621,0.809247634601556,1.53996998604448,12.1724908036768,3.74544710411793,188.324980332764,300.452551406177,0
2002-05-20,0.633869688623179,0.720710540493209,3.65223407413945,11.2895282621219,5.89948657730555,213.491072870976,284.756559137342,1.23776648010474
2002-05-21,0.552331167309187,0.568778904743973,-3.19099789036931,10.2088729894576,3.73884009550449,277.478359440403,268.067020418265,0
2002-05-22,0.329109957023775,0.678682077564291,-2.61972038435543,10.2330315806895,-0.0938808836138461,293.850774779786,263.299365190891,0
2002-05-23,0.511457953332452,0.73416190449257,-0.726887058501697,10.6722629270348,0.322175045974252,266.082901976597,278.801061518974,0
2002-05-24,0.561587708056777,1.11888331750412,-0.683924891353527,11.2895282621219,1.46282439008645,283.44826829301,284.089148556702,0
2002-05-25,0.351566045073726,1.88679788308164,-1.09177187420462,13.2364457773452,3.35736918590087,241.139572832071,285.072514143466,0
2002-05-26,0.321657006191344,-0.686381252285633,-3.29357129967951,11.0564144871274,0.666771502554944,310.691068264644,267.2602587733,0
2002-05-27,0.596666941033269,0.83410590915031,1.20595161316987,12.3396372261627,1.86480791115217,284.9015677244,287.411398691579,0
2002-05-28,0.482806082180345,1.04688305384166,2.51648462944946,13.4299378278391,3.99860963826601,268.533294749457,302.394696932489,0
2002-05-29,0.329109957023775,-1.41335310576684,-0.134076684206846,15.6816992852371,5.49076492285484,263.914605058931,295.538791261364,0
2002-05-30,0.415870253172755,0.390339854864188,1.68668580421746,15.100685458674,5.93460864094184,230.532577674515,305.700511848085,0
2002-05-31,0.628218013180467,0.997519281164223,1.66316031014502,15.5229216607269,6.42200838686858,171.216112083321,335.380053052786,2.58523453938604
2003-02-01,0.996578940733437,1.54672490584715,5.69814440845419,0.362815902326614,-1.99687074899081,24.3401151552545,299.576851222974,14.7517754319739
2003-02-02,0.996206140916479,-0.703998306602729,5.72620362195195,1.72155550630803,0.0776898668197725,25.8046778605615,291.072403609339,10.7287158315483
2003-02-03,0.989203228329627,-1.27749675187853,2.37403828881495,1.12316122618639,-0.593254486829951,26.9816797917118,280.474400115574,1.61443161737776
2003-02-04,0.979834855623345,-1.55146335067314,-1.41860693952855,-0.596526883085298,-2.65282629157557,31.6113013697964,264.406204847583,0
2003-02-05,0.734606042813094,-0.146675654148268,0.447255657989451,-2.1812257457024,-4.66833726817538,27.8956079043736,277.219655768765,1.88025427482977
2003-02-06,0.905312911494495,-2.03058053887736,1.33640474850984,-1.23963387058924,-3.62921006498051,22.7214260379992,298.876399950943,8.21803285548653
2003-02-07,0.99155700044956,-2.51087252297564,1.94780446522315,0.776363950875994,-1.1698901888871,19.4792637033215,308.954213949949,8.81897914096416
2003-02-08,0.859666097825351,0.611753895592839,6.09492154319274,4.5189685401271,2.48931394228898,45.0439290322521,254.035710450445,0
2003-02-09,0.676052686875614,2.70041584662177,2.5118379052343,2.44543124710276,-0.336924763657548,53.5679305426752,248.062635442864,0
2003-02-10,0.794224834344159,2.18592875005207,2.21854625212835,1.70424988453493,-2.01786289977087,35.8311029100979,285.760501841219,0
2003-02-11,0.638000562241554,3.59491258555554,5.16286974346904,6.18724478184736,2.85096946378587,59.5833661449527,230.69328161032,0
2003-02-12,0.124615174977633,4.49463870923288,1.21785754235232,3.7632426971856,-3.11812622716713,54.0986773750426,251.758374535245,0
2003-02-13,0.566504258351806,2.51177119413854,3.1703809196031,3.69084664954994,-0.018724053991482,58.2897864451655,262.845214700286,0
2003-02-14,0.594297112645272,2.94650205264682,0.559819615077588,2.92251149551667,-1.73431105061545,68.3885292903647,209.202515983942,0
2003-02-15,0.142123766823155,1.49383625795185,-2.61389651977162,-1.58449951705839,-8.30447012286105,52.6961711958378,235.688208966481,0
2003-02-16,0.946348348119286,2.03669908212263,2.00851559668944,-2.07011975807136,-5.88739303970412,31.1326819418804,264.750686843557,0
2003-02-17,0.532324718294757,1.27538844122335,-0.711383803971198,-2.06416100107145,-5.4270847918467,64.1204276795749,238.664531759448,0
2003-02-18,0.812971284380841,0.88047243781454,1.80084329094702,-1.37233706163136,-5.26327207795902,42.0819359621419,282.711077739089,0
2003-02-19,0.863665332234148,0.113480324034072,-2.78162812483237,-1.06222647580768,-3.84641574332965,55.3728853534096,262.768125861008,0
2003-02-20,0.721885081568238,-0.562371599059795,-1.33007532665597,-1.31455693680017,-4.7333697701551,41.1414416349267,275.135930399646,0
2003-02-21,0.99711140751295,-0.144736264753129,-1.27289723247911,-1.38250557275891,-4.73405595816955,56.1337471818987,252.547317538678,0
2003-02-22,0.486070978083607,0.24317436611024,-1.89447082680154,-2.17183158449485,-5.81911345399296,87.6430285225908,200.241937877985,0
2003-02-23,0.153634320098849,-0.930193960315047,-2.39865621557894,-5.62802571075732,-9.92324041989949,38.7574353613101,247.155838317216,3.88350823425034
2003-02-24,0.99026113705113,-1.98203549762921,1.10207644596366,-7.52314398361904,-10.2826284710584,44.7722992695272,271.583526196027,3.83878973159959
2003-02-25,0.978012203635419,-0.825260937509411,2.50765342656835,-3.75492443847058,-6.65425363826045,29.4906393659388,287.834296211462,7.89971597496059
2003-02-26,0.912885073872546,0.033877823925346,3.1918842900429,-0.883998503870961,-3.05628765766251,80.6195123564316,233.307821524615,0
2003-02-27,0.351697441983145,0.15505076829811,-0.394496743590875,-4.82629723283453,-7.42754242923377,92.6470868608385,230.157063932415,0
2003-02-28,0.400915088907216,-0.16124790862413,0.830898162436264,-4.710855751655,-8.06411637391955,31.0669832486834,297.75369407078,4.1452238043231
2003-03-01,0.99108432304949,-1.60168216464976,4.99274282118497,0.546226624576424,-1.62657461916303,39.1052980597086,300.791308059231,4.68299282526177
2003-03-02,0.926664015325858,-0.322732218222367,3.28559907500564,2.20201789091644,0.607784631511283,101.61051509824,238.420776148614,0
2003-03-03,0.177295231786438,0.388669475183496,-0.104613404942149,-0.244156958515634,-4.42706666695379,53.0774177719743,270.174743863143,1.17359884479768
2003-03-04,0.876363616139052,0.838474559841636,2.97153975726995,0.889912468026565,-0.957802488397802,46.316737304798,294.926186895356,5.00741301596943
2003-03-05,0.981963383249525,0.145572700668876,2.6533930475021,1.68411159949456,-0.0296847103204663,112.933693362851,252.681063797272,1.49728809719666
2003-03-06,0.623651734472912,1.58309933277769,0.621955538615023,2.73426760652422,-2.65205195076078,27.7304556572831,296.286150867695,17.7877153711616
2003-03-07,0.909662876592952,-0.387596898212635,3.34729163569543,2.7485479072711,1.20324981324913,111.643331077398,256.561122240533,0
2003-03-08,0.531697441593315,0.679061666109588,-3.05079321534243,2.95581387655928,-2.02598735661246,111.128517199251,251.06560429091,0
2003-03-09,0.760784869780818,1.561790455856,3.39613481771221,2.27929975189406,-1.11025412614154,102.462387679157,272.481997926886,0
2003-03-10,0.393280020417752,2.92075810665068,3.03799152585773,5.03688051891715,0.51686318485154,125.796890951993,235.44079317936,0
2003-03-11,0.108249699564818,3.6133434080019,3.51143038194287,4.54611634748594,-0.563747214270009,125.726796811806,254.742174700865,0
2003-03-12,0.624018181755823,3.03537604704586,3.75424490693679,5.87802017192287,1.33540362596043,65.6037615545644,292.158237958306,0
2003-03-13,0.957852017205123,2.48631963534397,4.87512464137644,5.43003163893572,2.44534125586784,117.270752875118,251.588670689307,0
2003-03-14,0.573056490231847,3.86099378784932,-1.08615031564949,3.49832610354509,-4.90150440295288,141.436435853839,219.345599760179,0
2003-03-15,0.191189515083278,3.12742731222835,-2.61972038435543,2.56769233887302,-5.46581965342735,142.622060594861,226.784843334576,0
2003-03-16,0.472928446685798,0.033877823925346,1.46536003342227,0.50475640416116,-4.03201356266351,60.0022940901042,278.220999716819,9.77740392401336
2003-03-17,0.649415427456604,0.564698361149899,-0.618369066760287,0.864725245908653,-2.33954588222767,89.2541455455708,263.296577004301,0
2003-03-18,0.852982170545462,2.33598577514778,3.64998088731914,4.13839652490724,0.247817958303805,131.112495818609,266.067955225135,2.2713326211691
2003-03-19,0.667696329472496,1.84206672664698,4.97519762714238,3.15653537225916,-0.722291372897873,89.2541455455708,272.989768443278,3.44638158722538
2003-03-20,0.955983224814792,-2.03921322445996,1.90445315138785,1.38552767701802,-1.13649689855431,99.9678528017436,275.494405474261,4.90529068471687
2003-03-21,0.839984898683394,-1.69401024270501,1.40881966290814,1.50288602120137,-1.10851482561276,99.1724970192402,269.195638750825,4.94615909533329
2003-03-22,0.722425571608449,-1.14619279026563,0.629377701410813,0.567930355431401,-1.75488659972306,126.28721124283,252.610262352264,0
2003-03-23,0.44160008640021,0.0823940134271381,-1.67161647658315,0.0150316834077651,-4.17213012394857,166.785628303817,227.399149380699,0
2003-03-24,0.161990213135273,0.283047467425942,-3.03754229041185,0.588898521328256,-5.25160589044566,95.228874486037,277.334029771591,3.12753712663663
2003-03-25,0.951444106954652,-1.34387077583255,-3.30806548569011,1.59709439489913,-1.99059452318726,66.4128104184549,299.292298154298,8.29919437872976
2003-03-26,0.94856985856939,-2.99506520192922,-2.92399251034838,2.41785795136611,-0.343424562678064,112.199877524677,281.116527224322,1.28552738455811
2003-03-27,0.779207364724312,-1.43026891354265,-1.83809812562307,2.41012517159774,-1.39565661704236,98.5972801552169,290.498874661292,1.76403395384731
2003-03-28,0.910577438011461,-2.63104376992264,-2.19657675080657,3.77730544019235,0.190545682505115,109.881795678266,286.751883901015,0
2003-03-29,0.528648973890852,0.181352640762028,1.96707339134911,4.33953687875056,1.57923480501734,113.875657415863,289.616224135118,1.45516190701454
2003-03-30,0.922704793704893,1.43916806194877,4.65640893487866,5.28710860238976,2.38977899686425,76.4477973236349,307.605275761537,3.76581006217168
2003-03-31,0.80865851561686,0.111802786277121,0.614267774329962,4.85640795501696,2.02327568773524,79.9977906382453,304.6762336914,2.54198189296082
2003-04-01,0.893819823007593,-0.372176438375627,1.04319194986239,4.47218477160231,2.31620069241992,137.298557591336,273.822080607748,0
2003-04-02,0.545132685923081,1.95357648680789,0.375360624672015,4.95357547228995,-0.286526905748916,171.942492153261,256.033403245241,0
2003-04-03,0.682742244190367,3.13441950319046,3.6964121992081,5.93225467962502,0.78600115870127,190.721764722287,258.123510320711,0
2003-04-04,0.219113694715376,2.81941023089004,2.40113260900749,7.56120022666049,2.19330451039998,194.892165558317,262.171273321368,0
2003-04-05,0.777856602771356,2.8762781423023,3.42494728555477,6.88579070636568,1.63412124536287,57.9211598937687,323.414804689136,4.85706439101232
2003-04-06,0.982811497588133,3.42419875566734,6.34824949799629,7.16539534614077,3.66859704585319,171.904433909723,255.754828053764,0
2003-04-07,0.54651888782092,4.54532944073347,4.21732713282869,4.97385208409898,-2.98280404985011,186.343658724983,263.102376299428,2.83471580055872
2003-04-08,0.754041971542784,0.629847399308546,4.13032914666626,5.72220044557315,0.974496628255569,65.2326715923743,335.575677721591,20.4288161282256
2003-04-09,0.99839419046355,0.720710540493209,5.55416693923004,7.48349734632358,5.06236504815193,164.558829044231,284.016495653046,5.23991481531639
2003-04-10,0.659264400597211,2.35607308183668,6.73275637701577,5.43487321327056,1.65623487592251,215.807229604139,262.33855427564,0
2003-04-11,0.542027973878918,1.16289775447976,3.87187090742283,6.79182577765,2.23280003699376,121.226805567579,296.157882115011,2.39399720093947
2003-04-12,0.528124757023932,-0.265071169073457,2.13133852759177,6.05819953431763,2.57511048353553,116.711865390902,288.949150367835,0
2003-04-13,0.733004142619394,1.49383625795185,5.15917714754623,6.40173686609856,2.96576228600488,68.4857090546193,298.14162312843,7.34463085317504
2003-04-14,0.863427830228899,0.945569158235725,3.78364558213117,5.88516673990425,3.40385281028804,71.7315694116667,296.502238275155,5.52955084456726
2003-04-15,0.87235615005651,0.980427934318372,3.52771263329793,5.1679520529678,2.40585736271451,142.202772229853,281.116527224322,5.35600683705979
2003-04-16,0.611419735217773,2.11982199481307,4.97519762714238,5.41557262673063,1.45672335482246,219.773303857955,252.243085915996,0
2003-04-17,0.564705386692049,2.22744531270435,3.38189013657071,5.96746762207364,0.641634940323,63.9583527076407,311.015194021674,8.87343183644079
2003-04-18,0.999905080716431,-1.00818864363961,4.46220272819377,7.36688291140608,4.44088809159384,209.648579658676,282.519350890652,2.3291200672888
2003-04-19,0.552122583432424,2.08447194701011,5.04508112162968,6.44345588491008,1.83080091887688,205.371560933059,277.68445301304,14.1328219904504
2003-04-20,0.81981850908264,0.343941714104213,5.49979065757406,6.5568237202418,2.01780375115699,116.720969415799,297.850643418918,5.98084441393874
2003-04-21,0.964908085021158,2.85266459946403,2.37636911445845,6.769900143513,2.00058449539401,243.011630226913,246.994449707398,0
2003-04-22,0.632017988983696,2.64670425022476,1.98034501344587,6.76962588907728,-0.944016800321633,137.733187365573,294.581330127616,1.13229105985392
2003-04-23,0.98146372088116,1.83310186650528,5.69814440845419,7.45924403439071,2.73396447970339,213.392192515101,285.963902094044,0
2003-04-24,0.484435562331696,4.12972769510491,4.94286467493501,9.42031208797991,1.87170452642182,161.646250440266,287.548931897967,2.79456490651954
2003-04-25,0.984825139109431,0.00472329913462206,1.31754722906922,7.78603499196587,2.5045507251417,48.4106598154443,327.56563787953,6.43935314191107
2003-04-26,0.724311624332973,1.60927819150037,3.32012352922557,8.46821030349919,5.56596392040936,220.711613661028,266.063388140236,0
2003-04-27,0.83769064381551,2.98256699651495,3.49812589588767,9.1490744494855,2.28140324715999,213.769775793109,287.884120503922,0
2003-04-28,0.903715092041316,3.15612748926424,4.45501401310009,9.92443246485938,4.45029676699773,232.601148554919,271.428770765247,0
2003-04-29,0.595480458708396,3.31872015283233,2.6938799574113,9.62673385415604,2.67401777659597,268.257252372985,246.549519500337,0
2003-04-30,0.35486896410078,2.03061341944552,-1.01759853481822,7.44012315297642,-0.670781631156028,233.992925649511,250.217727107963,0
2003-05-01,0.318564288374939,-0.68007622369359,-2.20874018162853,5.60786774512946,-3.25290577662461,268.35277888645,247.655687350075,0
2003-05-02,0.896082621736934,2.41129983703068,5.25138367015526,7.90676813781017,-0.139068826034853,215.783061678173,267.709048144563,1.01276767819132
2003-05-03,0.51412721372438,2.6133961308846,1.17119856008714,8.29944826705816,-0.00336167216873023,286.624894674766,239.002225648537,0
2003-05-04,0.479945360086139,-1.53046771211634,-0.27113708959923,7.88441560647228,-1.85172790449125,123.335718521249,304.694613739023,5.82146858399613
2003-05-05,0.769724509417962,0.502610415271274,2.95341214703819,8.28339143068598,2.38955554073604,278.286298632847,248.427453060579,0
2003-05-06,0.124913323127058,2.64953588642548,-3.02614092136678,8.80316002629717,-2.39565886861105,263.956826562858,251.901979401042,0
2003-05-07,0.603947455059466,1.29770603666333,1.00090485950744,7.47792563065968,-0.905202350643891,286.313474797553,241.347843055681,0
2003-05-08,0.0200205354071009,-0.702882686047533,-3.35863381899879,7.46914850635995,-3.05470579789424,293.525404742346,245.817985513791,0
2003-05-09,0.48274523120773,1.04214586922895,1.90424014754454,9.07244530156315,-0.12660494338631,92.1005360599224,298.599592947894,4.50768347312374
2003-05-10,0.876750115731678,-0.432808975399879,0.52116803627204,6.54563161049623,2.67401777659597,251.93189669061,273.136379497537,0
2003-05-11,0.238709389545746,0.00436995566767433,0.831334596542766,9.39836291626893,2.47858753905137,266.927675616836,275.511085781531,0
2003-05-12,0.453450042398214,0.94960245226556,3.09218102188954,10.0407122579992,4.17136544925258,253.087094603704,286.358440726188,0
2003-05-13,0.683626731098016,0.961526966810494,3.5274499025612,11.3041393186749,6.37250035539997,263.397986667392,296.840899652327,0
2003-05-14,0.554002123110122,0.581791088106038,3.17736619575743,12.9770744763835,8.27109178014103,236.531184519842,311.859627435969,0
2003-05-15,0.995136448668042,0.256111519903475,2.47275948739186,13.9999009670417,8.56005540946283,250.296731751379,304.889805469032,0
2003-05-16,0.92184177494332,-0.0460111091661622,2.86660995235601,15.4052564482896,6.648700305688,289.761425613338,297.055020345524,0
2003-05-17,0.35073310018834,-0.463127810999086,3.40212742682146,16.6179509948265,7.60056798920467,247.508223891722,327.182691135756,0
2003-05-18,0.85366922151834,0.29742522645623,0.952475906286791,16.1375148821311,9.14718509670105,231.440897342466,329.291164382584,0
2003-05-19,0.61194452721061,-0.918088173068936,1.01423152723949,18.421174771528,8.69688372555122,173.883002074255,337.281052255652,1.14910394323186
2003-05-20,0.831678048376625,-2.62093939505915,0.674075478183628,16.8421673756232,8.96317141958817,293.475356619329,284.85098437861,0
2003-05-21,0.204843712940413,-3.75842297522505,0.361458323427969,13.7580329336234,2.52975326674519,300.952664455836,272.903988875465,0
2003-05-22,0.0534885397251427,-3.3300433727882,0.256238202668902,13.9513230221615,3.7987466343908,309.992019322785,281.116527224322,0
2003-05-23,0.69314360555765,-4.97623281455859,-0.402208249904182,15.6611352506624,4.01913977853357,91.4729866779072,347.878036017364,14.5736739570394
2003-05-24,0.949034463281417,-4.12665334403763,1.50469278522426,13.021279041576,8.507372105006,112.292937458866,346.847463109821,9.78429973238698
2003-05-25,0.854752939835833,0.170212644238079,3.90632855435916,11.4783071284825,8.51346660078896,217.992643046852,314.085760553852,0
2003-05-26,0.878796730369786,1.36561788566268,4.36758442553495,12.2055190737605,6.95441223670715,291.326568984366,291.875484534917,0
2003-05-27,0.473226313487302,1.12301470647363,1.58262434068817,13.4635077559816,5.99419546723501,283.666897481775,292.086423605569,0
2003-05-28,0.97671494581718,-1.57196135103392,-0.27113708959923,16.5839047593212,6.10964691452774,271.300176908318,304.833311149649,0
2003-05-29,0.797151747797593,-2.80401470776117,-0.135359215548971,16.7471779753201,5.95193661718368,176.214782084202,332.692534990093,2.01393077959073
2003-05-30,0.9654136791637,-3.21566566947397,-0.489629768915029,16.8432699251516,6.94562226975174,197.238132035194,344.275759727516,10.0668525665463
2003-05-31,0.903222258731009,-3.58082133534492,-1.90815017754242,16.1521879768176,8.3027277443193,109.881795678266,365.946639421673,12.2699356774022
2004-02-01,0.56561233997328,0.0174330889695683,-0.254434498487357,-6.74026969319486,-9.92324041989949,22.6728931249658,276.051508766765,0
2004-02-02,0.852292230398578,-0.0670038716425115,-0.618234558312441,-3.65416108890286,-6.07779394550082,23.3515648470192,278.345382554721,1.4576500321476
2004-02-03,0.999905080716431,-0.48524368911099,0.354809970356475,-2.7358759729185,-5.05709330401723,36.3050105283597,296.848060872336,0
2004-02-04,0.666651431964079,1.60618931201727,1.83861138284236,1.84158892140226,-0.426482387794428,47.8631128444479,248.874086933409,0
2004-02-05,0.224970839133519,1.71337110757311,0.413799192337862,1.20993121609639,-2.19122217284695,21.4636428677013,276.579337805266,4.01609038246049
2004-02-06,0.978105737373084,-0.112321026139955,-0.693651651259743,-1.97372427677207,-3.95478440265386,45.2531135577238,268.160681437732,1.74513859542572
2004-02-07,0.884875800152315,1.22230833642753,2.65118178913334,0.443991797238133,-2.02715473796285,52.1580561478914,268.556046440025,0
2004-02-08,0.559948861400961,2.80071741819029,3.26293483631634,4.32853761329939,1.19103218794121,50.892084977938,235.081038082734,0
2004-02-09,0.514508159605246,2.33108568075875,0.782150461441444,-0.50035202828084,-3.33989376701233,42.2399896560446,257.796499419841,0
2004-02-10,0.707994914823977,1.04214586922895,1.14116814363417,-1.36493916597302,-4.33003799803456,52.8570264226982,242.02925101019,0
2004-02-11,0.219605537237962,2.97211295059073,0.892031802063743,2.20677450367496,-3.19735951190328,50.1034671926548,250.90234444852,0
2004-02-12,0.597639645043637,1.14190692699311,1.50469278522426,0.386674015768128,-2.55284252981275,25.0859497814091,301.770694739273,16.0735483573925
2004-02-13,0.984821502497745,-0.328167366876811,-0.185776998990471,0.720614701434627,-1.04347179358683,23.3161647647273,289.969644977849,10.4533015200489
2004-02-14,0.999905080716431,-3.29962912064527,-4.29688086544714,-2.7550950138623,-5.88739303970412,36.7969717551492,254.641682476252,3.13657834512219
2004-02-15,0.963108448813862,-1.75720713552903,-3.12193306802239,-6.67954011700742,-9.96647374984336,39.266933168284,250.132976886147,4.36765118558137
2004-02-16,0.984667032354679,-3.14593000316015,-1.61209824102037,-7.52624728999437,-10.4993324129388,44.3972938256882,257.637592419658,2.73868639801153
2004-02-17,0.970728397188703,-4.08511602802343,-2.2403199664434,-7.38325237807344,-10.5355996400142,41.6458815237154,258.746263993947,3.59790502315051
2004-02-18,0.984825139109431,-2.17403295892522,-4.33538255371767,-7.44702066863203,-10.8942407768325,68.7590398529393,219.648980778432,0
2004-02-19,0.771248175775353,-1.60966631025923,-4.06462155795362,-8.51812574953524,-12.06498810565,39.7586932799097,249.943146048875,1.07310711323585
2004-02-20,0.97416484124375,-1.69679482720521,-3.79464501133423,-8.4612337331354,-11.3333743152118,49.7670578800751,262.176396427887,0
2004-02-21,0.953587476186477,-0.905626808409565,-2.88297569947585,-5.27853034798732,-8.56276856811409,79.0344974694304,229.474843804839,0
2004-02-22,0.772365793653835,0.214438404810698,-0.478644439612164,-5.82972447902057,-9.96559163086369,28.9169763953923,263.876939771838,5.26538927567489
2004-02-23,0.552331167309187,0.0438970716676956,-1.02448069951814,-3.75492443847058,-6.59146819751683,89.2349571254071,217.060143751431,0
2004-02-24,0.272825014697629,1.00508852348023,0.395318927377899,-4.40638631743072,-8.40076976273065,29.3195380646633,290.037251113116,4.0410910266192
2004-02-25,0.989784200805922,2.08991803176651,0.716934519082958,-0.0418136827366297,-2.58178590359923,62.457449030306,238.5382467907,0
2004-02-26,0.349039177302326,-0.293082467880264,-2.05925904342616,-4.02155706569336,-9.74299598589897,79.4981160337252,205.516327583511,0
2004-02-27,0.552331167309187,0.367538223990085,-0.852063918967532,-7.23284071700713,-12.2410381848003,100.340655655654,184.869463999696,0
2004-02-28,0.13500254612403,0.00468792514944612,-0.193834840779021,-10.8188241442542,-14.9088427568334,102.038140122883,197.407802097871,0
2004-02-29,0.520028363016574,1.07202442922278,-0.516666496137955,-9.62459828712385,-13.7454737087812,101.815840083155,222.753517450305,0
2004-03-01,0.430356195094697,-0.210450765570421,-0.287115408757919,-5.23608241279468,-9.91215875560665,47.7971852978128,276.46870436821,4.61054331707325
2004-03-02,0.984821502497745,-3.30586411157625,-1.26840186854338,-2.21844448363335,-5.13141926778316,84.7533976895689,241.978512026241,0
2004-03-03,0.723340315370941,-0.719104757394962,0.230583193892362,-5.58001631988025,-9.04095285431644,112.199877524677,205.516327583511,0
2004-03-04,0.105948258386709,0.262619980670526,0.555745960968257,-7.19673590347636,-9.91215875560665,96.6457735355124,244.201954883479,0
2004-03-05,0.748633270946058,-0.30953638212665,2.21854625212835,-4.14316461948369,-6.69609039886561,48.8354807559414,289.885315258097,6.66365174142316
2004-03-06,0.999905080716431,-2.51822263563892,-0.53339123113232,-0.599371834865204,-3.30250812548895,79.4981160337252,257.796499419841,1.5206755436497
2004-03-07,0.469826781771991,0.308835750815854,-2.99100849923106,-0.843243785832436,-4.58339321059928,106.375890449138,248.742901845919,4.43619114716333
2004-03-08,0.777904205671789,0.0505657119839454,1.35962861397219,-1.41387530694199,-4.52768752216853,100.689030919196,263.4698751905,0
2004-03-09,0.51272737907145,0.669697272058855,-1.26550401963974,1.09420760316819,-2.41839131192137,105.990555178516,250.38303167891,1.10344764900186
2004-03-10,0.799941539709884,-1.41535957209068,0.0989688763155838,-1.16840052955591,-5.13465119524842,41.9650041407254,275.49897379492,8.09578826494952
2004-03-11,0.926374673311827,-2.91477713239287,0.254810000902437,-4.21972588959149,-7.13253179010305,111.081340496603,241.84073682313,0
2004-03-12,0.864573392576796,-1.3251517637874,0.953056877888427,-5.88817639232168,-9.85788645120999,115.570498014288,239.351011187594,0
2004-03-13,0.429055961207634,-0.210211752271249,0.545702775988837,-4.4543039773377,-8.65086418276779,138.911519237859,220.768573974875,0
2004-03-14,0.552924537903619,-0.265180163352829,0.759049435837608,-3.93203066100673,-7.66882467420676,132.677087284936,229.790808321072,0
2004-03-15,0.731084042048087,0.359237319891347,1.94858843340806,-3.96817920059555,-7.21727111701897,107.375871472456,265.561293463914,0
2004-03-16,0.954586873275711,0.34786646399999,-0.687977653157241,-0.503205722155455,-3.41697427566327,96.5046771825986,280.486690886942,1.50543488871495
2004-03-17,0.633869688623179,-0.210453108039415,-1.22112289296692,2.16262726678226,-0.977512830120227,139.821943040194,231.465308973202,0
2004-03-18,0.454109197098582,0.368555836092421,-1.54902995344631,0.548188111245003,-4.1137842916392,147.161683921999,239.985017239761,0
2004-03-19,0.233083678356832,0.254255056902655,-1.70217395937969,1.22563623838484,-3.54676768429577,148.952552221003,243.750364573417,0
2004-03-20,0.396777141463452,0.203887435073642,1.11934743339356,0.43183825335699,-2.44140024821143,152.779167939732,250.521423371128,0
2004-03-21,0.433337081642621,0.433894569938954,-0.543271981565777,2.10774898815986,-1.98624889542258,47.9561501349261,300.133918042566,3.78747354421031
2004-03-22,0.990905872317955,-1.34387077583255,2.05191341369714,1.28054611153951,-0.944016800321633,76.5179809515298,300.126322191047,1.9393739495344
2004-03-23,0.84461561410459,1.3963672725004,3.64365534350425,2.64154090280595,0.915498395436404,138.099832441589,262.160450487648,0
2004-03-24,0.378442300540542,-0.238126420534429,2.46114295836246,1.85185711511578,-0.741712055296415,56.3478548382598,300.340742929761,9.16245067012502
2004-03-25,0.998055359141185,-1.54019739824691,2.95785400702819,3.179399481589,1.1639725104789,71.9822327520294,298.289733353294,8.11379194292785
2004-03-26,0.646809393687924,1.68991450809118,4.78832015386892,5.34023518186779,2.77136786749448,120.464840931785,286.810944638145,1.87967524824844
2004-03-27,0.716073710389783,1.22230833642753,3.19089431048848,5.00441773318981,1.33540362596043,163.812709759905,264.726428439738,1.52344902608642
2004-03-28,0.469466166254549,0.937381685029399,2.10957641741705,4.38772437492881,-0.379800602280844,113.922427267392,290.135940092425,12.2699356774022
2004-03-29,0.787335041164771,2.75268947507808,5.50058647858438,5.27379560528722,1.27281562373749,149.198749885519,262.845214700286,0
2004-03-30,0.878787510134456,3.58149840731665,0.964071334739591,5.10340365224712,-0.963565536072916,186.485196258603,233.53081566022,0
2004-03-31,0.630754150575812,1.88254972961899,1.04970104370413,2.97506575243332,-3.11162213089732,60.7312638723274,284.145794855441,3.98376210904173
2004-04-01,0.997146155434829,-2.00076780539153,-1.56566544450042,1.45290837210569,-1.16910985487043,140.417193339965,273.159184769713,0
2004-04-02,0.600238930191909,0.408750008071163,-0.287774968355457,2.77932679783955,-1.62643301972782,167.175288353511,250.356246801845,0
2004-04-03,0.400915088907216,0.0622916401734068,-0.0893865329814266,2.81210780761387,-1.91264937206923,168.326145826125,262.983541396976,0
2004-04-04,0.682277829195736,0.367538223990085,2.0896417116336,2.64154090280595,-0.495958391810485,109.427664641524,301.752391896156,1.92139073258124
2004-04-05,0.997478620193149,-0.99996053786183,2.06137501710326,4.08339043378897,0.905488695948811,36.3050105283597,327.187327235758,6.71548782421976
2004-04-06,0.990134860790805,-0.0178245458348516,4.40371145818457,6.48773681865387,4.45664664942909,64.0751180835561,318.002340993469,8.3612610314834
2004-04-07,0.999905080716431,0.345124623555816,2.50765342656835,6.17307615684281,3.75907024754533,33.4329331733527,328.864915012095,25.1790562389665
2004-04-08,0.998987693064949,0.032647948162155,-3.64218616212779,5.16853899117802,2.51627173811215,65.8895169462074,301.630452332853,6.27691126134927
2004-04-09,0.950240763544016,0.310037632386338,-6.93458461624998,5.56884669433434,-1.10851482561276,167.482730668064,265.373091513224,0
2004-04-10,0.82104600498089,-0.724673933881242,-4.75101217304365,4.76955484105255,-3.12178687783208,193.31790159476,271.123959793263,0
2004-04-11,0.680061144825899,-0.567179456577974,0.542183430566631,5.47858802279481,0.112849809507495,74.7512974964285,300.143288796981,7.43240352741666
2004-04-12,0.871565287075166,0.00270113326467421,3.02524347931398,3.95690041402167,1.71469792825564,147.149252926498,284.942762150711,0
2004-04-13,0.760057415188649,0.00712337572627221,-1.14904033527851,4.02888048817498,0.641634940323,180.775009763591,269.759574145323,0
2004-04-14,0.795809346603958,0.379668672486982,-1.49361981651545,5.02403110014905,0.0776898668197725,205.370583404776,256.437486363572,0
2004-04-15,0.52083214732524,0.654146095330007,-2.39037171523748,5.95360200631295,-1.18402144499487,244.125066609297,223.177053927371,0
2004-04-16,0.115961246822823,0.198684911875788,-3.50740690998216,2.43351187579059,-5.94697682632371,240.350441078672,236.621258483216,0
2004-04-17,0.667180833155889,1.02018255973497,1.91469566003281,3.15537398219504,-2.77315703523327,115.881284406266,295.134562779511,0
2004-04-18,0.69841978716273,1.8163387462718,3.98742402625928,6.01538987230041,2.69548444950306,145.506408657807,295.634473824219,3.81091841079864
2004-04-19,0.822019363047332,1.14186579333655,3.27360508555185,6.01538987230041,3.17869835396106,140.235731575867,300.964784522739,4.11010338723359
2004-04-20,0.99564278492802,-0.625353761340564,0.0558738743491943,5.96846743755373,2.57146503686875,87.1949668430487,311.845907204984,6.29380285156983
2004-04-21,0.94608683596369,0.181352640762028,-1.53790173402455,5.08350517095365,2.28385435621036,126.801179102836,299.312008628228,2.59078602088055
2004-04-22,0.700514955526941,-0.0694914781836246,-1.48736128226829,5.85534677084099,2.09055926670948,200.374282093263,269.190579225204,0
2004-04-23,0.419500457644658,-0.0976673420834592,-2.36994736120577,6.57778132689761,0.271908577559327,243.199426152137,262.093015754071,0
2004-04-24,0.430838374618304,-0.553927019257229,-2.42617391666745,7.20719845795393,-0.459534856742804,137.469894374163,290.82805587487,0
2004-04-25,0.85764970196736,-1.15696828751275,-2.27301295330508,7.0220947270499,1.82888333426009,223.734487827106,273.548043047268,0
2004-04-26,0.635220187980804,-1.59855308809934,-2.76630634250703,8.54732318856626,0.450635751099445,250.296731751379,264.274827962864,0
2004-04-27,0.604701510788674,-1.72191349441728,-2.69270248538699,8.20130508523473,-0.524093616153295,169.732206575379,282.380327224996,0
2004-04-28,0.999426368173454,-1.45133671836979,-1.83034832265481,7.46409272700373,0.891834921151418,240.350367667491,269.92265871907,0
2004-04-29,0.529719504979224,-0.291144025290537,1.62248367606938,6.67180086689696,0.641634940323,173.192860943621,281.944108927167,2.63767036094279
2004-04-30,0.623334580319133,-0.892359822244886,0.23463479330964,6.19061891445015,2.0557078754091,197.163472677832,280.800385951489,2.05132103982614
2004-05-01,0.861986305896499,-1.22075791315971,-2.36838318083384,7.06244014701315,1.63451125540685,215.887854458526,277.893021427968,0
2004-05-02,0.519347777145606,-0.759100217697598,-0.56674213896985,7.42985903015669,0.942921368370245,250.334924757163,262.171273321368,0
2004-05-03,0.261025983522738,0.386003364810458,2.43531491775121,7.93647491536897,2.06002402842628,233.463467818109,273.233212121926,0
2004-05-04,0.328791943553006,0.565447408860092,3.02524347931398,8.23337910275276,3.10558704999885,196.126172693426,288.357738395304,0
2004-05-05,0.508047220590009,0.00488681537598539,2.52717620580298,8.90395716464568,3.9832798678853,238.309457490256,290.807258374406,0
2004-05-06,0.613523054449611,-1.25932685832605,1.12314612863439,11.712359065237,4.44882128503798,227.290699446878,302.01589952489,0
2004-05-07,0.546544921874959,-2.51188270423367,0.896171001462991,12.7931742879794,6.15856324038461,247.358026450949,302.557650794686,0
2004-05-08,0.277447095604428,-1.08254146052547,1.11509705103135,13.534010699539,7.60056798920467,252.232464581067,311.616393747082,0
2004-05-09,0.338226787372325,-0.41607969521273,0.309013714215396,15.709320166357,9.5015160870283,271.300176908318,299.997727760257,0
2004-05-10,0.0934209010502913,-1.08374944250325,0.209065077610538,16.1522035307189,8.57562286144103,284.597688730474,295.862853102755,0
2004-05-11,0.0737623324242531,-0.271941490677673,0.514349773911831,16.1529014342683,9.25381651155193,271.245782542033,306.593442345281,0
2004-05-12,0.164928872451152,0.22245157992401,-0.687577185870933,16.9880737612327,9.19848163644706,269.909442091171,307.614119666474,0
2004-05-13,0.120135896653528,-0.296812430771864,-0.770246529916105,18.540171226359,9.56117307145548,288.264697920415,301.811384172419,0
2004-05-14,0.108249699564818,0.987819614220772,0.315543198478772,17.2967871821672,10.6430725254333,297.256703107245,291.207566186689,0
2004-05-15,0.000487532256643299,-0.55070679477791,-2.26234624282499,17.4089100950265,6.13463933777556,286.398633852328,290.090203840756,0
2004-05-16,0.0613922413877081,-0.062268982051072,-1.60220495730431,16.4770130040629,6.94238783679359,296.102922215322,294.795309216551,0
2004-05-17,0.760057415188649,0.687752964300975,0.399873438383072,17.7248418793431,8.91078898249007,281.703111407988,309.008809651711,0
2004-05-18,0.311994656234617,0.29830407505043,-1.38446912459674,18.6682735864595,8.83348622679922,308.907987619491,273.649434305605,0
2004-05-19,0.172392013209538,-0.37585016041048,-1.2402829281214,14.2721472287952,3.83734642179469,293.347468505386,282.914305829589,0
2004-05-20,0.329012426940435,-0.258352999333458,0.754307979700006,14.4375767885225,4.6477890861289,271.300176908318,290.955460702129,0
2004-05-21,0.214201643708819,0.0518495865240896,-1.02448069951814,14.8851283494436,5.53356306627819,294.828463376979,292.040971336926,0
2004-05-22,0.478401161645258,-0.553992630331982,0.0913371372814633,16.2807368983768,5.95155968731422,187.500555054011,312.884886579629,3.50809940729278
2004-05-23,0.773563422654312,-0.749099027065657,2.79406997508825,13.4635077559816,8.51346660078896,260.994059350456,297.329524408735,1.58384700454986
2004-05-24,0.573621775300158,2.68001943358463,-0.913038929557424,13.1049760895461,5.00819613905829,249.237235376647,297.175584002621,0
2004-05-25,0.4732308733001,0.97705866190364,-2.69632524156225,14.6663232071865,5.07700514964365,275.720622829082,289.641043791918,0
2004-05-26,0.229116979045536,-0.162691908240413,-1.67447697594434,15.5814103137194,5.17013024806791,263.713272253703,294.926186895356,1.44088292602761
2004-05-27,0.530621230357275,-0.428236218355359,-1.07102044865953,14.3926218181124,5.14859629076545,300.952664455836,287.411398691579,0
2004-05-28,0.0614814036330453,0.384995001269367,0.0210991056848601,16.1342721071687,5.93460864094184,332.344336688444,272.003098365783,0
2004-05-29,0.187781597339446,-0.459128544383043,-0.667689432558819,14.7345146283274,3.39037288787723,311.67568502733,284.065175664962,0
2004-05-30,0.294982286917665,-0.994369051418142,0.195286902739791,16.2605775593516,5.37604140905747,294.828463376979,292.050187518158,0
2004-05-31,0.549410230793014,0.532839639721354,0.782150461441444,16.2807368983768,5.23678714650413,313.840038782866,294.329217256361,0
2005-02-01,0.579794254593012,1.73913801562919,-1.60220495730431,1.66745990911469,-4.14918003783777,41.5271377227954,255.594874724053,0
2005-02-02,0.219605537237962,0.661935980076035,-1.08602872795153,0.77818851791495,-2.62952254455702,32.8142930088596,267.413303747608,0
2005-02-03,0.96794675703835,0.304068422206616,1.75293432536357,0.587595631443751,-1.46128732722342,27.3016912088193,288.874562082841,0
2005-02-04,0.990436683048017,2.19486417908368,3.98331032499813,3.86792047459331,1.86424449285516,22.9640501273769,305.622389886104,2.53278615748738
2005-02-05,0.779480442111293,1.57111535904028,4.12115935117964,4.56454346770681,2.62350951975734,22.160308949796,304.737820089967,2.02019672586182
2005-02-06,0.948153956838234,0.427544547456308,1.56621319986637,2.30548761174654,0.521722823538047,29.6814758999816,281.229327144728,0
2005-02-07,0.898426696282992,0.323433270377522,3.37323521510964,0.938135481091111,-1.86882628083549,30.2995819845524,273.291002177165,0
2005-02-08,0.786099753580435,-1.91911623418021,1.82941920693285,-1.06222647580768,-5.35874772208278,39.1052980597086,255.754828053764,0
2005-02-09,0.834591425992496,-1.72374808252478,0.263148998592089,-2.33070713372336,-7.38544392672895,24.3401151552545,284.023803809233,6.27691126134927
2005-02-10,0.999905080716431,-2.14208305201259,2.69923976204259,0.319239978166166,-3.03722231004178,28.6838434359576,289.710264666548,7.65731892222866
2005-02-11,0.844725654480101,-0.560445558974922,1.91469051954048,0.374969752905722,-1.70376931868428,25.1153468142803,293.574104142956,17.317207891546
2005-02-12,0.990349185859153,-2.97640287283201,4.38849305294955,1.09417094147732,-0.977512830120227,38.5446847906012,264.714855257802,1.49728809719666
2005-02-13,0.773632740931565,-0.285779469832238,-0.956804999881596,-1.01418686276766,-3.11162213089732,47.7780341778673,241.814510510049,0
2005-02-14,0.75961756229327,0.371572522801908,-0.969495590747349,-5.97874992554079,-8.40076976273065,63.9692467852848,217.055845076758,0
2005-02-15,0.0935431520169084,1.23684794629946,-1.39281324408947,-4.71074090203038,-8.97781428431569,44.4106979261271,251.311871668506,0
2005-02-16,0.82104600498089,1.42042028043994,2.28761612852439,-1.34888337293357,-4.2138963668644,22.2392782447502,296.893160694805,6.66365174142316
2005-02-17,0.835675181290652,1.93134643148528,4.0890702744361,3.67652515119437,1.14680645026197,69.9919695543366,247.54543839665,0
2005-02-18,0.186659843594568,0.945569158235725,-3.34893465034131,2.2404071184256,-2.22483604309786,77.1670217919223,220.177808355687,0
2005-02-19,0.149118723306794,0.83410590915031,-0.442404415237614,-2.74489529843716,-6.16035830749653,64.7602101435026,244.257199274415,0
2005-02-20,0.714599247971534,1.87932661348966,2.52076361493228,-0.819060656946524,-3.0670334263579,35.3038144951443,294.855461480703,1.07310711323585
2005-02-21,0.961503194990673,0.329971230500138,3.67930422956841,1.6298244158299,-0.741835451749762,39.0630161704771,304.045541484706,8.09578826494952
2005-02-22,0.9846604987369,-2.08300727773813,3.49812589588767,2.73129607692197,0.609848788485507,24.7682575220352,309.227253023505,9.55091666142336
2005-02-23,0.995430626456382,-1.94969882849489,1.83861138284236,3.20228849933251,1.60973546057148,32.510589847256,314.953086715155,1.35265788891286
2005-02-24,0.991722404299429,-0.704133445359426,1.19645558649715,4.06074828713843,2.27011683598344,26.2727872894295,317.218358967113,5.16796158823158
2005-02-25,0.993558071400017,-1.41916770076967,2.50765342656835,3.95690041402167,2.26821384339008,26.158189321508,317.201319053593,4.16872268143183
2005-02-26,0.994104135102454,-1.26600007978948,0.542183430566631,3.50476305965651,1.82863768996647,80.6195123564316,261.809346027241,0
2005-02-27,0.385356542807925,0.320141181370396,0.506725893005552,1.75987410796253,-0.613113921787017,78.7111130174389,262.440438987511,0
2005-02-28,0.632499317329479,0.108033919444201,1.31017029711475,-0.474253381171603,-2.58097695349503,34.8283569440835,316.106802102551,0
2005-03-01,0.973141152904162,0.129571105743232,3.06822093544861,3.73259989489302,2.16517183403743,30.3810481456506,310.171537117065,0
2005-03-02,0.992097686387444,-1.00042108855962,1.98439543491515,2.67783480542361,1.03250635290571,46.9089349487997,278.26681926852,1.26284348656319
2005-03-03,0.671410957299635,-1.76950677010677,0.490995380091332,0.535298377743336,-2.37371731830731,107.263059635918,222.212957414144,0
2005-03-04,0.409832210852484,-0.247349310021571,1.21785754235232,-2.53836560136057,-6.67691960347187,79.4443311848499,271.83016026173,2.05213974557144
2005-03-05,0.984308845907678,1.15379223011019,4.97364617674128,1.60839320837269,-1.15431460909563,23.3944113339215,296.173240079786,17.419498428221
2005-03-06,0.825751112879345,-0.410092135662319,4.70156901405407,1.12308310213819,-0.954331626920891,97.0982557889448,246.549519500337,0
2005-03-07,0.700600637412082,-0.430562887924648,-1.44139506960334,-1.09763015536442,-3.71767603724314,77.2044394428164,265.809023127005,1.25051051832759
2005-03-08,0.957795899241545,-1.27133476547578,1.65986638257432,-0.706687612005405,-4.26561088673527,30.7573242366415,295.904721135108,4.75743567530984
2005-03-09,0.986929633258423,0.777055217214077,3.00441557730915,2.42058820941589,0.516193012585939,89.2541455455708,277.003720320225,0
2005-03-10,0.633585844155653,2.02052525534898,3.87612041198528,4.34740377197739,0.988930600833227,126.552609790544,243.882195026211,0
2005-03-11,0.466217252921037,4.21775393499079,4.28561901375616,5.47506609238655,0.183162439530389,102.32921177693,281.26020616049,0
2005-03-12,0.990338869056573,2.8621732582771,4.77082096641501,6.36162316748017,3.06211609781016,113.910170265212,262.808381768059,0
2005-03-13,0.35486896410078,2.91793945604695,-0.450217747260943,4.16155153126898,-2.19170524085286,92.7271960394821,253.58551597471,0
2005-03-14,0.674834589807089,2.3003868035707,2.15014036015073,2.68767146714678,-1.19582488795764,112.002082474271,275.953394564074,0
2005-03-15,0.450881009039441,3.42239436453448,3.71168921547474,8.27320591988678,3.43784506062373,136.331896599754,263.347719097347,0
2005-03-16,0.0384151626456174,1.37822362405744,-0.00829220068786735,7.19732891445223,1.17326861265167,120.368210059264,262.230598055844,0
2005-03-17,0.803698528658038,-0.297405927823812,1.651838086738,2.63661175916834,-2.34010989211528,55.0459021593226,294.640616330428,0
2005-03-18,0.686399575039055,0.512061480679427,0.289543395659737,2.99450601617002,0.903913403159127,101.153553699602,288.200614070862,0
2005-03-19,0.908482456452868,0.413241815902296,1.67393561038508,3.86792047459331,1.90553579647772,104.380637366819,297.396034554581,0
2005-03-20,0.999324779225314,0.140474549611822,1.47665820203604,5.07878307344855,2.68072159574253,76.3442430902622,317.076006574943,0
2005-03-21,0.813049529701561,1.18284154589504,2.96366053042118,6.48773681865387,4.31233155064932,110.759175711872,296.429780996417,0
2005-03-22,0.546836319196654,1.15653343831963,2.9209932578895,6.67825562547051,4.05869717413376,75.5183201258885,318.809236047225,0
2005-03-23,0.7368547972232,1.65110081440407,2.23106446062653,8.07477362216409,4.48418580605844,148.98539413506,255.979966925673,0
2005-03-24,0.599883797821848,3.02024383900218,1.78500327137475,6.71267452797537,0.205887141053828,164.282483139395,263.809713189606,0
2005-03-25,0.289332571380433,1.23496258987937,0.936997398441359,6.73719588670797,1.79497947513249,154.635433793109,270.219778332674,0
2005-03-26,0.471226965366445,0.490022985595495,2.0896417116336,5.4344225185352,2.52857919991155,138.911519237859,278.557414977636,0
2005-03-27,0.487070113078545,0.777872119764626,2.3873273388077,5.25411334081222,2.52975326674519,93.9273064831287,309.369485996308,0
2005-03-28,0.989191990142477,0.62435146804699,2.39734226548106,5.75534828411663,3.72165824480705,58.6297298575703,320.468301208803,0
2005-03-29,0.973031919389652,-1.39931207986574,-1.26855050576791,4.79949660593834,1.19103218794121,132.538235114251,281.962024366688,0
2005-03-30,0.782370090355892,-1.98533588320212,0.496401533366214,3.08017066009411,-3.2147660213068,82.3638402853711,311.845907204984,8.12091214243104
2005-03-31,0.961144413964588,-2.17886741376047,2.51648462944946,5.26911044667853,1.13236971108141,63.8274543000836,312.049076490949,6.91013068158699
2005-04-01,0.602229323676409,1.26541968710538,2.93599087347929,7.43985706028951,4.74737719033509,70.863863638512,321.600271927866,0
2005-04-02,0.986276979569172,1.02018255973497,3.67045434260385,8.24152748010052,5.64207905552322,169.732206575379,294.414539672913,0
2005-04-03,0.698218729525514,2.02359644027643,2.24955142321088,9.11072340442147,4.9935704283129,173.913951822695,287.411398691579,0
2005-04-04,0.779074752319015,2.02359644027643,3.01698594523353,10.0361020322559,5.99815943168874,129.493337527818,298.206095589511,0
2005-04-05,0.571172845756712,0.89897559726907,3.12739319657283,9.62673385415604,6.35465633826066,147.919455461233,305.35141691019,0
2005-04-06,0.66230818704526,0.277736129874105,2.32700266654039,9.1787871393762,6.21929126643173,108.040782790022,338.284591649068,2.01385673843018
2005-04-07,0.898297682786793,-0.467094227259682,2.92718477930121,11.5683971325451,8.4499381504635,76.5179809515298,336.401507756621,1.69417369840534
2005-04-08,0.870611636292478,1.15379223011019,4.43713569075213,9.35575480163735,6.72246449392028,50.7594797882003,322.42630141849,5.22292186731825
2005-04-09,0.84915646739609,0.252003633903609,4.68837383964341,9.45708800284806,7.09953106693612,140.844463157687,297.760314620331,2.89035985416215
2005-04-10,0.818658508026946,1.63507527303401,3.98331032499813,9.383454849016,5.4601606484526,133.750454667026,296.351302142234,0
2005-04-11,0.887254875992734,1.16039961564267,2.43120671992141,8.28339143068598,4.15574181009379,130.52044902618,308.116026254448,2.96283488269461
2005-04-12,0.997277185581332,-0.493475313345989,0.0913371372814633,8.86838763000275,4.81891947305651,134.490309022894,302.389291535962,2.33179023192447
2005-04-13,0.843549538865347,0.390045208676233,2.36573100710764,8.61397072802247,5.05705495114305,123.145108748121,303.026460677351,0
2005-04-14,0.718788053027036,0.140267105535411,-0.53864465221629,9.04821622799759,3.93938756661523,222.997478307513,273.439514118498,0
2005-04-15,0.606164764676598,1.45630225798424,3.45455623960802,9.52664000396589,4.05869717413376,137.361744275965,310.171537117065,0
2005-04-16,0.99925531351946,1.82065246560433,3.19089431048848,10.1479475469228,6.29037995416747,101.050438979975,317.719698213557,0
2005-04-17,0.650202014251135,-0.47428185753974,1.34785167047418,10.0411819489727,6.554813221306,51.6462069776308,348.115587784714,6.49569873919558
2005-04-18,0.900005691891143,-0.339832660059667,2.97420984615033,10.2771120575559,7.42861482403399,204.989292751817,285.568175266065,0
2005-04-19,0.550887777105913,3.20886657869397,5.01010868383133,9.34885663840861,3.19278911323685,68.6071238035044,344.380937751309,4.59609559006822
2005-04-20,0.973991124693616,1.38393956408577,4.6183754010598,10.1018889884823,7.59121302181618,99.9678528017436,338.284591649068,1.41672297122731
2005-04-21,0.8698467910204,0.899974099992235,0.881124186024655,10.3936150679924,7.55543759494429,109.427664641524,328.493796904237,0
2005-04-22,0.893435843837723,-0.833669809352779,-1.81913205295541,10.204989580888,6.07635630626849,168.807969768238,308.224196128581,0
2005-04-23,0.834192705369602,0.00451876000756281,0.0989688763155838,10.0563510389537,4.19015009740005,58.0994457287797,336.970342930528,8.24295514883228
2005-04-24,0.999905080716431,-0.673035309438264,4.6098589631577,9.61745802808493,6.85932908729765,42.0404509639519,345.140537075917,15.031595841287
2005-04-25,0.999905080716431,-2.97194145903591,2.63518817667479,9.79949098404264,7.51993315713791,39.9449883492713,349.287477258251,16.1357433992552
2005-04-26,0.988305886265252,-3.36385427122733,-0.394496743590875,10.0472275046523,7.99436497276195,39.5690744866142,342.093916217934,24.0915753985977
2005-04-27,0.983095828453001,-2.99506520192922,-0.339664944263881,10.1261654497754,8.3027277443193,139.515678025438,313.150240217221,3.86686740673287
2005-04-28,0.603947455059466,-1.11237056540475,2.93363405816935,9.77891658924264,6.54466407482356,165.097542120516,305.837343672078,0
2005-04-29,0.80055186656929,0.179340734069443,1.10373334359841,9.90987605824478,6.29446162240583,156.573699036524,315.779637862626,10.5806392896012
2005-04-30,0.876363616139052,-1.60727869448071,2.6938799574113,11.159610372077,7.16714462893228,179.440406808055,306.01655489541,3.56071970332068
2005-05-01,0.383880886299625,1.3390121390808,4.13907769772446,11.0809465943204,6.79660322756109,259.185121383709,265.177844910523,0
2005-05-02,0.393107108103619,2.10121709364449,1.94296677530507,10.7722537823746,3.33591858664878,167.175288353511,288.715691516575,0
2005-05-03,0.721272356905773,0.484610836300619,3.47287642856401,9.66732106662559,3.17835712810762,234.93308197091,287.719233751455,1.61162361067096
2005-05-04,0.628042404002854,0.0870324642356048,1.72005560781591,9.95817870170486,3.47985564139494,82.4582259755114,340.005001996564,3.57360704454606
2005-05-05,0.873636122572469,-1.22663391810624,0.194455594124772,11.4889500192844,8.91078898249007,127.12252668639,366.186498864468,11.7338776132553
2005-05-06,0.943377380168695,-1.98887368253553,1.47675489937064,16.2514596151691,12.204242751365,88.2353666501647,370.800376399333,14.7147206983336
2005-05-07,0.961268735046156,-1.2015312510005,0.426539656280412,16.7408049175577,13.6943389171037,207.045463490642,335.429203439006,0
2005-05-08,0.665023388609339,-0.0246160627183297,1.62737548511175,15.7809575976719,11.5807075790177,187.599097288816,360.314637433242,13.7083218008426
2005-05-09,0.679475986313122,-1.55541202214027,0.562816036162098,18.540171226359,13.9749468163471,152.46814690101,342.414449896739,0
2005-05-10,0.697976135409546,0.0570621299148089,2.70878571569038,14.8851283494436,11.1046008949144,192.737578942881,299.118008294206,0
2005-05-11,0.421676957448204,0.80335949303817,3.22273676784598,12.5837115714538,6.8826752735145,231.779231795285,287.364172711002,0
2005-05-12,0.2756627982606,2.86171869800561,2.53229776000752,12.9087009490831,5.12703359359424,277.940471639364,281.426761269188,0
2005-05-13,0.857141652175977,2.62050518800217,2.44993616015584,13.4299378278391,5.90185814927572,250.646847157026,309.143762554261,0
2005-05-14,0.859421814963449,1.85456386674672,-1.76175202167409,16.2570358283885,7.60056798920467,238.490090339806,300.292417724896,0
2005-05-15,0.508079164454809,0.509044548044983,0.355313597892647,13.5766008776353,5.64207905552322,293.850774779786,295.402139987572,0
2005-05-16,0.0321452457010401,1.00919787134623,1.7452831544134,16.5459709407188,10.8518289708734,290.209461795858,304.356686844342,0
2005-05-17,0.290684305497082,1.06444260032521,0.743684444760803,18.0815590168399,10.3761906429468,296.715800163652,290.126443139737,0
2005-05-18,0.239629257374626,-1.07831614783636,-2.19921652728736,16.9376596031016,6.54466407482356,307.580400087914,286.62302079722,0
2005-05-19,0.246243127500747,0.294498517969436,0.908042654057699,16.8432699251516,7.22474048171289,289.121669916083,288.307934946952,0
2005-05-20,0.0722023054849465,-1.12213315105376,-2.87048785029421,15.7182597518701,4.13627247039472,293.347468505386,273.390582611462,0
2005-05-21,0.289081750434823,-0.748923176959288,-1.81913205295541,13.7089815303905,3.29654919339267,272.526259788378,289.322486222601,0
2005-05-22,0.330998138641877,-0.225359263253441,-0.128234938309426,15.932697422979,5.67195338955732,273.65863535069,301.523342322042,0
2005-05-23,0.537610172845096,-1.29995116747441,-0.0198598008856204,17.7876504781425,7.35842380445523,228.076307942337,318.0528175216,0
2005-05-24,0.528861430242277,-1.80667716266515,0.318986452773475,18.2084739312608,7.92094903259692,145.961438806831,340.439037704957,0
2005-05-25,0.663814293250747,-0.811009974785265,1.57196324032743,15.9372463740251,10.8774404242867,209.764985019091,331.632610513108,3.68144199729251
2005-05-26,0.873548606732427,0.0704981117808886,5.15917714754623,15.7809575976719,7.94618427930702,248.290982314667,317.719698213557,3.64470368873292
2005-05-27,0.403881257839348,2.83571002883203,5.0649814928234,14.1422755470596,7.59122257612681,272.9942416434,284.990594291754,0
2005-05-28,0.616897070384481,2.42304086971166,3.97714036592005,14.6715250406412,5.84094397578409,172.789370506057,327.818006325365,2.92928464003617
2005-05-29,0.7733124108998,1.5745826865876,4.91517153353279,14.5577503575377,9.19848163644706,286.507248601173,290.345511394174,0
2005-05-30,0.340350459105785,2.14675706163905,1.90751521148255,15.5393314413834,6.59596781459822,253.46916814698,316.48109764856,2.79791146053921
2005-05-31,0.735183481834233,-0.15934792981748,1.33141367844903,16.1529014342683,8.57584442881814,94.6018164779835,370.800376399333,12.0651767242362
2006-02-01,0.218123727522115,0.74678790343937,-0.570802046738088,-2.21844448363335,-5.08700659760132,39.3456534624131,243.508666486404,0
2006-02-02,0.511713093666087,-0.0311335952623221,-1.24330583892038,-3.75492443847058,-7.01565799443464,34.1301628465206,260.799924672641,0
2006-02-03,0.678482058175667,-1.08619662162523,-0.474418471722522,-1.91302424614861,-4.9741295367531,23.9434368523275,268.490196314343,4.25376500890367
2006-02-04,0.923394867584833,-1.02762437625466,1.77749308169926,-4.90850842059794,-7.2450384914019,31.1765627675321,263.654947334889,0
2006-02-05,0.981004557024633,0.938567682833251,2.2203933128451,-3.24776992449401,-5.3229318004332,42.0404509639519,273.492356306692,0
2006-02-06,0.685714999911608,2.94002145503874,1.74862003697192,3.29317277673165,-0.179154742336427,50.5852509279735,243.586443782697,0
2006-02-07,0.198869448757528,0.522432713606244,-1.12194062461633,0.616223846532622,-2.51581789876197,53.7182463826165,217.094719130882,0
2006-02-08,0.658354490766546,-0.686430894892001,-1.53045356768549,-6.34273711780155,-9.0574892035389,49.2753688960814,221.704735242407,0
2006-02-09,0.222969276395699,-0.107233901716457,-1.44662513715782,-8.61748456963348,-11.1111372993185,53.1215996422293,231.018006166914,1.50557691098006
2006-02-10,0.838961215849516,-0.605486765898182,0.859112744081914,-7.02029534089238,-9.89064964298178,54.8390573350735,242.018197242478,5.15299725699386
2006-02-11,0.226918355805572,1.83203378834815,-1.88580601790045,-2.6740810960036,-7.36942521479115,32.2297342367187,252.908807031699,6.91013068158699
2006-02-12,0.999905080716431,-2.51034469599564,-1.3841087008636,-5.77518903229406,-9.20737822081787,31.8748289290459,253.405328884388,6.33943597292563
2006-02-13,0.763117999476481,-2.09394312974978,-4.77187010051812,-6.88141151073991,-10.686477949502,67.584161612257,182.677485558724,0
2006-02-14,0.244171320418004,-0.871997756632702,-2.16757889389756,-12.6878597133708,-15.6578973390048,68.6071238035044,168.622587440875,0
2006-02-15,0.230452192778269,-0.45201080917877,-1.19595194343989,-15.548041577753,-18.8845438752595,41.5896388002672,213.412592483385,0
2006-02-16,0.997901238969497,-0.972922826700366,-1.28426950487016,-14.6238533833923,-17.9009977906576,59.7212873428706,215.907136444575,0
2006-02-17,0.881617547122052,-1.7815534995787,-2.8121896751911,-9.91621574694743,-12.7521466532519,72.6073517231799,179.939345196309,0
2006-02-18,0.532324718294757,-1.60522152297022,-3.58437390394018,-11.168857337884,-14.5875696135366,65.4561219974564,213.596027004747,1.01532722920549
2006-02-19,0.809724921052518,-1.89872631672876,-6.25360823791372,-9.72029682032417,-13.9029158602786,40.715257089599,252.443455599682,3.26850787146882
2006-02-20,0.931118031150797,-2.44876318253,-5.19606680657826,-5.95829940288569,-10.6691712373009,65.5332547336066,231.018006166914,0
2006-02-21,0.877773272646107,-2.54487361049344,-3.60932755544844,-6.53875319622403,-11.4810238058139,67.8076336341541,222.339095477518,0
2006-02-22,0.777561663421063,-0.829961945542287,-1.65500719014969,-9.78957963091712,-12.9431169521623,83.3292756159788,199.305258722056,0
2006-02-23,0.121070970588763,-0.0473292280853577,-1.29748512322119,-11.6169051897325,-15.1110371461463,89.6021659264236,195.053244151366,0
2006-02-24,0.315994404605065,-0.243146475718931,-1.18359556701204,-12.265530992402,-16.4670776851894,83.562490014286,223.007593151861,1.13755972650149
2006-02-25,0.986258245787618,-2.03563054205742,0.0301762934301076,-10.855688817783,-14.3426285600242,22.805362550886,282.378266291952,17.419498428221
2006-02-26,0.999905080716431,-2.45807179878147,1.11918675529037,-4.30843960609551,-6.67691960347187,35.7168284202021,302.460590843006,1.32761968317807
2006-02-27,0.977215603746858,0.377568910774369,1.52937520512596,0.330101327283389,-1.73489066902147,78.4233217427695,285.235123206839,0
2006-02-28,0.662168099733582,1.88241469052381,3.49145951257763,4.52252792835842,2.24697200984599,27.8403239711036,317.32600181076,7.89331448854368
2006-03-01,0.997247615656896,-0.210414288226727,3.00119305958139,3.81624407296997,2.54306265317422,92.3989037194495,270.174743863143,2.5599135355959
2006-03-02,0.615208599494237,2.47695832877487,3.63665365753899,3.46954534139232,0.233864968331457,79.2818492230334,256.374896084618,0
2006-03-03,0.472928446685798,1.30457700441601,0.937863475456526,1.05858717712111,-1.58760695354161,78.8582688877449,260.434872839761,1.36299672208062
2006-03-04,0.957735945599224,0.997119067893127,-1.95674496227772,0.502916840021738,-3.41697427566327,108.554190314389,233.17240204659,0
2006-03-05,0.487070113078545,0.304068422206616,-1.99222760292656,-1.16352930963318,-5.24295016964734,112.043453639876,212.441543395671,0
2006-03-06,0.384986090158802,0.169180237939237,-2.00663267536918,-3.92979205027336,-8.07586825458304,108.33305967298,213.596027004747,0
2006-03-07,0.561235990182295,-0.275303683373291,-0.330199426048165,-5.77518903229406,-9.76236241494573,123.467067655029,202.924869650165,0
2006-03-08,0.252944039640255,0.0336054223697877,0.831192772143108,-5.93453190214603,-9.61884779045127,60.2103268207664,249.293481880505,2.96283488269461
2006-03-09,0.696016166812245,-1.30397854874231,-0.911531814218947,-4.07967885030995,-7.12281982125065,129.711264101286,208.777932023078,0
2006-03-10,0.234410360330607,1.08102578261534,-2.33815510408745,-3.22513235662435,-8.86710923428249,127.402353557486,226.185069676383,0
2006-03-11,0.247842851268128,1.23644413241776,-1.12116592726306,-1.55305260613982,-6.79759461189303,114.302032094209,239.985017239761,0
2006-03-12,0.726031418426529,0.604219935707638,1.89732141052537,-1.06225714644429,-4.17637902445721,44.3985337344247,309.971149795211,5.78746104313021
2006-03-13,0.989852662194132,1.03564455915334,2.39734226548106,3.04217332545274,1.53894172431312,102.829143340862,275.790194107823,1.84769092067869
2006-03-14,0.928378018409475,0.532839639721354,-3.60932755544844,3.38289558892114,-1.34512959136242,125.959970339348,233.923316429294,0
2006-03-15,0.4732308733001,0.0704981117808886,-3.39593951589398,0.732150253919517,-4.99776943192061,142.562828697285,215.100745491475,0
2006-03-16,0.406826666409771,-0.359450639376268,1.12183890572413,-2.51290727908357,-6.38817567790924,74.8219753922681,260.141288796201,2.37094680115302
2006-03-17,0.76071595391861,0.00468792514944612,-2.5252803526494,-2.22779613218899,-6.41477173048084,99.8536632068128,239.26069804615,4.21179877725335
2006-03-18,0.918033293895835,-1.27962024696006,1.21953121306569,-2.06898213537399,-6.70055137529917,65.2449907953223,276.511939167862,4.85706439101232
2006-03-19,0.965002575977007,-0.477845127718868,-3.74478252612062,-0.990900010218347,-4.16189444923874,87.9431114929765,279.660174544178,1.64005057637022
2006-03-20,0.983305218237423,-2.90215606950293,-2.87048785029421,-0.904001332150566,-5.04666435945515,35.8311029100979,288.357738395304,15.6063503731193
2006-03-21,0.999905080716431,-3.93744364317404,-5.19606680657826,-0.634647846080407,-4.06617689248588,56.0014176375352,295.237318050959,8.09578826494952
2006-03-22,0.999905080716431,-1.49594303557584,-6.28290682685078,0.234008769705421,-3.65000943978435,82.8131801374234,291.051833841251,1.56288671432727
2006-03-23,0.987085796033828,-0.075145186059244,-3.38583801454756,0.567930355431401,-3.25290577662461,70.1802775783038,295.300034398624,2.72899091224598
2006-03-24,0.96397708803812,-0.874932539717318,-3.39926195691529,1.05549763694669,-2.42753887544286,78.6184356775509,297.375840292542,2.89614019527095
2006-03-25,0.999426368173454,-0.177728213081869,-2.15418416838457,2.07990065100391,-0.578992840734132,70.863863638512,295.004380503464,1.80934371178757
2006-03-26,0.992057052300051,-1.06025144292574,-0.275259881790545,2.36195739252923,-0.316870079986192,93.761989450398,275.06058203012,0
2006-03-27,0.687266825158698,-1.48676151321566,-2.68025959750726,2.35459560424662,-1.147088038915,180.975433255965,228.132474922123,0
2006-03-28,0.298641009925189,-1.19376331988651,-2.77345112765311,2.02154133465975,-3.54667776783216,158.201388291975,244.707564647765,0
2006-03-29,0.844725654480101,-1.64807374892639,-1.62348388876789,1.42465465816287,-3.78531516852873,58.0311937142464,293.02509564926,0
2006-03-30,0.963128644254853,-1.01190336016446,-1.28105092482512,1.65130751300129,-1.82752590323984,53.8664355906894,301.769426823632,1.00324244733897
2006-03-31,0.716840299733462,-0.209596445863753,-1.23562779227004,2.23636098133643,0.0249828075557798,188.855722503954,243.88930929604,0
2006-04-01,0.200269961492591,-0.613366089359603,-1.78636399259954,3.2496920320292,-1.26597935249561,92.7814985801321,296.267595145808,2.05383656611184
2006-04-02,0.99155700044956,-2.75555441664758,-0.165816614663456,3.29831782698381,-0.382687414247499,107.071068974867,291.950282336294,1.49728809719666
2006-04-03,0.999905080716431,-2.5223277738112,-1.45632235166919,2.81229135873283,-1.64539147039197,79.7812792291106,297.639708211839,3.86445411679389
2006-04-04,0.986202917485987,-1.44369988479245,-2.85397706894884,1.89545119012914,-1.2838796673377,110.560978651306,294.184337243001,0
2006-04-05,0.98147184581479,0.0375968024049952,-1.74611994586137,2.42170989293745,-0.904088373012515,92.8786078239276,291.823326920172,3.86686740673287
2006-04-06,0.780475734911038,0.411994869259337,1.00520549328613,2.55476265095051,0.239505756239304,148.484174064076,275.74484999657,1.32761968317807
2006-04-07,0.601587292182423,-0.922626891286545,2.13693078707362,2.99450601617002,-0.588832634782469,167.175288353511,269.190186020152,1.34294549740652
2006-04-08,0.712444513000985,-2.19893210257919,1.29906980514197,3.44635250457348,-0.59732269494834,72.4063553094183,307.254811333688,9.55486537571781
2006-04-09,0.991321559755069,-2.83194506572069,-0.352310677720555,3.30128787408287,0.841391895682565,123.763065475867,307.151352447709,4.85891066912164
2006-04-10,0.983095828453001,-2.02379808739158,-1.62171927078381,5.30662086533759,1.65660035039372,72.4063553094183,306.403610852327,7.65731892222866
2006-04-11,0.795809346603958,-1.43183617824289,-1.45037610185155,3.86436451692633,1.3395868156791,148.484174064076,285.455208527212,1.25195328867789
2006-04-12,0.853426371960394,-1.52114782560033,-1.76226122082257,4.69372897512109,0.49926027609617,174.592254809272,269.640241450505,0
2006-04-13,0.371633262471352,-1.18560577322577,-1.2206425328556,4.50283962764609,-0.343728055605645,209.450422151389,255.131520664025,0
2006-04-14,0.292732550449398,-1.55567941942909,-1.32314787373658,5.47642465655475,-0.620954205601749,163.23387151797,274.842350540196,2.53132400987016
2006-04-15,0.945019679557162,-3.34453431405122,-3.65064209812907,5.27379560528722,-0.6807144500885,52.0606057079286,318.681603758532,16.3134096043784
2006-04-16,0.98875359617267,-1.59595960160565,-1.85163771877996,4.24280062364702,2.14881345169822,112.086460269622,304.601149373457,0
2006-04-17,0.56708079250903,-0.385106704884938,-0.827352899541685,5.87802017192287,2.09736808154308,171.664097005116,284.790503361102,0
2006-04-18,0.43759104308809,-2.43763452446739,-0.734170237369436,7.93647491536897,2.86985950282301,185.893645003921,290.733514343369,0
2006-04-19,0.89596096410297,-2.7091192223354,0.114691808620132,8.67718668077522,2.95293348513929,80.9115236681798,308.731678950432,3.34463422989086
2006-04-20,0.765219150379671,0.216264822253269,0.514349773911831,6.62674978688998,3.36157509787169,250.296315757546,257.796499419841,0
2006-04-21,0.281613143687343,1.553024866091,0.839999865932692,7.48385942539067,1.60822944342406,220.454337090193,279.691813483789,0
2006-04-22,0.623651734472912,0.731996638385843,2.43120671992141,6.97234519968065,2.78310729098877,46.3965117024307,334.331897952471,14.5736739570394
2006-04-23,0.998369728623569,-0.932695581058338,2.50385140879603,6.70221397752993,4.75820229387417,170.434556963388,309.860195643355,1.06619589301255
2006-04-24,0.772525086170137,1.97328636236795,4.70989864437812,8.3332138623894,4.86358401104647,92.2989070388424,331.162267821921,1.50543488871495
2006-04-25,0.993269028976141,0.663135619521079,4.68837383964341,7.92625747976179,5.24757648599145,191.390108217536,288.620957759517,1.87722679378125
2006-04-26,0.373047040475408,1.10682405428848,2.84682157899523,6.6406363227538,2.72595215311931,270.906819749779,251.124646902629,0
2006-04-27,0.00141182713536027,1.33264858508372,1.20564169996043,7.79138198797757,1.9966343923882,265.147748959549,264.832385129264,0
2006-04-28,0.606537098246411,0.484610836300619,0.844012011766014,8.87452660383526,3.45690207966407,262.556334270756,275.013980287124,0
2006-04-29,0.32966704773892,0.365449389490493,1.37409148889427,9.53315799492792,4.11601395878844,272.9942416434,268.261594811785,0
2006-04-30,0.47108931437455,-0.573218472292051,0.335394860071435,10.5118632222641,4.50019563685275,212.110394255605,284.942762150711,0
2006-05-01,0.457869083916631,-2.24109286727744,-1.31215767506257,9.34349378917063,2.30580885904865,269.234273212693,255.229117598679,0
2006-05-02,0.459966985567539,-1.68328352620154,-3.19099789036931,7.9147677539549,-1.81814348714097,125.945913367337,303.610372986484,1.22202113373336
2006-05-03,0.887005863854289,-1.21117981552895,-2.69112565140191,6.74191717322658,1.65543146806303,202.397784841966,295.922165107206,0
2006-05-04,0.811806221582186,-0.105648213467151,0.810637818098824,8.66066660439334,3.04734357416195,171.065081940622,305.184042194986,0
2006-05-05,0.747943539087866,0.0438970716676956,-0.567033459984002,9.26687063974089,4.11582955335615,204.403273348554,282.668769869172,0
2006-05-06,0.697006858480659,0.170212644238079,-1.4626521606004,10.8274928903142,4.03762862940336,100.152339819898,325.132826701965,7.26483805725286
2006-05-07,0.998537076103408,-0.336393563913719,3.75424490693679,10.6162271540079,7.50152441311394,243.323402336228,295.348862646486,0
2006-05-08,0.233083678356832,2.39505988663293,3.18286796209253,10.5864324786046,5.35231137929994,291.14972890142,262.054898912324,0
2006-05-09,0.113093794316188,0.53683988773037,1.5470805075777,10.6072883447659,4.56495268715202,147.155076921111,307.65685030575,5.3822959222165
2006-05-10,0.973991124693616,-2.61372940218251,-2.10786471745188,9.89652007503732,5.23678714650413,149.62617690129,314.540225038106,2.32713518638318
2006-05-11,0.913703596019041,0.00436995566767433,-1.3688178337019,9.32095027211066,5.40007935940756,196.466444626153,305.185200522142,0
2006-05-12,0.832672056035632,-0.355344365266337,0.842765870567532,10.8718520383447,6.06020547774794,144.309818884352,318.002340993469,1.14449610168681
2006-05-13,0.76102820145874,-0.197574664513082,1.67755598276334,10.7546258944492,6.61918246221483,219.773303857955,306.655634521557,1.81089100450561
2006-05-14,0.680061144825899,0.173765725281177,-0.577034205367355,11.1408367449942,7.59121302181618,239.621963728687,295.262192486416,0
2006-05-15,0.257225823537097,-0.155619879572052,-1.59986798196869,12.8671017110787,6.01507093912733,250.53663391678,303.072463834326,0
2006-05-16,0.638026813301233,0.879606297239942,0.517854074455596,15.2303181634763,7.55409601758538,286.507248601173,296.067660011552,0
2006-05-17,0.677286161300839,0.216264822253269,1.45133392646422,16.3401038857466,8.31200512917521,258.391254822304,300.631623397087,0
2006-05-18,0.830970636573243,-1.15920854756454,0.984035139530554,15.6579432793194,6.76044859584135,301.147903274852,286.881255354702,0
2006-05-19,0.0785056883567812,-1.03381164384299,0.251588699054127,16.2492533021957,6.5395252232578,286.313474797553,291.505891075809,0
2006-05-20,0.38925745593006,-0.574169145506425,0.196726106941358,16.1669751942903,6.29037995416747,300.952664455836,297.078695336152,0
2006-05-21,0.0131223541975525,-0.283614101462391,0.716934519082958,17.6138778422831,9.29035627741529,308.907987619491,294.795309216551,0
2006-05-22,0.136032057921069,-0.265071169073457,0.757157343934783,17.740749451963,9.10458192356068,267.684177785057,313.548454066069,0
2006-05-23,0.753933161884974,-0.297405927823812,1.29043439265126,17.740749451963,10.5639092853525,210.082370209756,344.336274988266,18.2116905044621
2006-05-24,0.740242815906542,-1.64807374892639,1.84217135013515,17.740749451963,12.1616010214582,172.165506723713,338.353462579023,1.36299672208062
2006-05-25,0.616862881189051,0.415332326572002,3.17401112454422,14.3029474073102,10.4808867769285,248.044146284883,318.734193692009,0
2006-05-26,0.826597482730328,0.360444109160088,1.98439543491515,15.5200517034476,9.99010763160604,204.70049440837,345.174703897168,0
2006-05-27,0.823233508993018,-0.0400888613377163,0.0361952267937125,18.672420600519,11.7878931907273,196.466444626153,350.89589918507,5.29025545131328
2006-05-28,0.878448525738829,-0.137921005125597,-0.0131810834469635,19.3311946497245,13.8317676860229,186.347464587598,365.947295978464,2.71891383359274
2006-05-29,0.773071612748736,0.13726448887659,1.73803202595847,18.0815590168399,13.69408613725,172.163173355495,364.828886675197,6.53198536515254
2006-05-30,0.929278995575655,0.0532233814669801,1.74617771597032,16.7471779753201,13.1417681905906,140.997805124662,347.995116907828,5.34264016642474
2006-05-31,0.919769502353733,0.817292473130568,-3.49111993677488,12.0855675899291,7.25627784494261,111.643331077398,343.968201991323,8.82401389742529
2007-02-01,0.954762560814286,0.698603500084664,1.35160533018602,0.260347905016074,-1.69404547772806,27.4263054440697,270.836470965238,0
2007-02-02,0.402005969553319,2.74179171596003,-0.248868366199832,4.65980494079219,-0.316870079986192,39.4658369015217,252.610262352264,0
2007-02-03,0.863827585860804,2.36294806610692,0.362242491280235,3.3899985405006,-0.357895991786081,39.1827586928865,258.670713717422,0
2007-02-04,0.765219150379671,2.47248617222334,0.621955538615023,2.30339929987742,-1.1467531606391,49.1111391882276,219.936110714192,0
2007-02-05,0.35073310018834,0.00974827965219956,-1.42817986525149,-4.710855751655,-7.45558381915007,26.5232461102389,269.618797644482,2.90768503905466
2007-02-06,0.99375439136319,-3.02427223886169,-2.41831099893213,-6.00787067645484,-9.62345652733091,42.6651040762234,222.334500579436,0
2007-02-07,0.503836372304026,-1.3375385386231,-2.48214668509693,-10.8900667614759,-13.9029158602786,53.1215996422293,188.91700686344,0
2007-02-08,0.0813446420522951,-0.224226493553546,-1.55838930490549,-13.7365038464076,-16.5496760599542,57.0718151331327,188.91700686344,0
2007-02-09,0.108845895531468,-0.76550324764839,-1.16748701862438,-11.7686206305142,-15.3544874596765,37.2395652380984,233.105447432027,0
2007-02-10,0.756001485822292,-0.736999411331626,-1.3688178337019,-9.80926246927133,-12.2407949367724,53.7182463826165,220.983806190194,0
2007-02-11,0.650781218258045,-0.441181599771335,-1.59080267291481,-9.9125969329788,-12.9431468373468,57.1354282716223,219.672159712632,0
2007-02-12,0.595313980533061,-1.41205330132516,-2.23533296835306,-8.84790256249167,-12.5016678316431,57.0179116947717,211.795186962996,0
2007-02-13,0.289081750434823,-1.56951740949351,-3.02045173668566,-9.41052792132474,-12.4859921038495,66.81057252492,186.026381978018,0
2007-02-14,0.169046707213883,0.37699716092833,-1.30728216109201,-11.8555683412628,-16.2703177670291,68.6071238035044,199.196473077374,0
2007-02-15,0.352556730115645,0.631998349566695,-1.01590975704145,-9.9125969329788,-14.0407509965656,69.4424286176345,217.872999897198,0
2007-02-16,0.0948426590596156,1.15653343831963,-1.0618716173236,-5.51214048192781,-9.89400015620264,71.2505852184083,202.545378466366,0
2007-02-17,0.0469278885213867,1.15559530704222,-1.72237399705053,-5.04626980490332,-10.2791623384004,73.8864519561011,200.241937877985,0
2007-02-18,0.0986490387162876,-0.0715036042807968,-1.23562779227004,-9.81531580717643,-12.7592461991204,72.4063553094183,204.228206239855,0
2007-02-19,0.426975006520181,-0.375586704289647,-0.910470869133457,-10.0413168927046,-13.2180525499068,31.1765627675321,252.337267174147,5.66546855577973
2007-02-20,0.91354019081187,-0.370357706595227,-2.08029126892847,-7.66847844933278,-10.2370431032694,35.695359217717,239.985017239761,3.27263097620794
2007-02-21,0.961268735046156,-0.205159003336861,-0.483927008350028,-7.99690334832384,-10.2370431032694,75.1786353849689,243.750364573417,0
2007-02-22,0.999905080716431,-1.71684568749545,0.159933848793937,-4.05980126574015,-6.87492541133097,35.8567892327359,281.404754701279,1.74571630939058
2007-02-23,0.998055359141185,-4.31107367286764,2.37512098218561,0.189475450346563,-4.04345453388243,26.6182739984097,296.239218195962,8.24650606374455
2007-02-24,0.99026113705113,-2.43600710828948,0.257086034507083,-0.236801880139603,-2.58097695349503,55.5756039170755,283.606483138697,0
2007-02-25,0.781724898628785,-0.886513165798971,0.739347310409759,0.720614701434627,-1.61331355052975,49.7227169595635,286.435570102227,0
2007-02-26,0.877550211603059,-0.323408175895706,2.30100217100815,0.242334186408611,-1.8440290022403,89.2843209335225,231.327472161182,0
2007-02-27,0.429055961207634,0.0925420750563621,1.91956284484506,-1.85174908005017,-4.6545565005885,92.3363530126236,215.035452005296,0
2007-02-28,0.189670460877513,-0.809570879707777,-1.01759853481822,-7.04487285703816,-9.70153963247972,101.153553699602,226.448956439049,3.5270473803486
2007-03-01,0.700133036939214,-1.16890706226661,0.0913371372814633,-4.91395531863286,-9.46131597346385,101.85522359879,247.674134390062,0
2007-03-02,0.510431926933495,1.10657986639271,0.666966404308314,-1.50858949735789,-5.20597724435847,108.33305967298,212.966757952846,0
2007-03-03,0.181447776016545,0.0638035075476943,-2.01913866996203,-4.60519731096169,-9.52905449870156,103.925988013762,205.521037657983,0
2007-03-04,0.368431925478061,0.286833437210046,-0.629015168408136,-6.24368096582859,-11.0569105874306,103.053091171425,219.597475526715,0
2007-03-05,0.570378807436656,-0.243596153011613,-2.14284875973934,-5.08740327776395,-9.46225401417068,94.2282488717221,227.536972618931,0
2007-03-06,0.847764981464987,-1.49110684200231,-0.240910016786956,-5.97874992554079,-10.6691712373009,51.8259707998031,268.745770248772,5.05597059808112
2007-03-07,0.999641729971066,-3.16844813380888,1.3954837128608,-5.07196797359389,-9.05710983922155,53.348969613803,278.339799594389,6.31501414213366
2007-03-08,0.999641729971066,-2.67604391414868,0.166867100712603,-2.26213260009438,-5.68435607155181,70.1950780795935,261.092712952477,0
2007-03-09,0.999905080716431,-4.60477429113589,-0.47168305696924,-3.22513235662435,-8.30447012286105,73.9491811614304,262.054898912324,1.9590144876111
2007-03-10,0.98845124069686,-3.3300433727882,-2.48331107427066,-5.08740327776395,-9.0574892035389,125.629197525849,210.087867778572,0
2007-03-11,0.847228185630339,-1.35541751185572,-4.26530431264396,-6.34366555627057,-11.5611997093997,120.130630157289,209.643011877305,0
2007-03-12,0.99893753412352,-1.22663391810624,-1.67447697594434,-7.67660963427624,-12.463206263839,103.075905896606,229.360482364294,0
2007-03-13,0.991240260625062,-1.53046771211634,-1.11797420606561,-6.5272389041516,-10.3358003729561,131.12925942451,218.917061604309,0
2007-03-14,0.444817856887907,-1.02415709921295,-2.49287920810669,-5.06285595193209,-9.85788645120999,143.605024308865,203.333049561247,0
2007-03-15,0.191589116812153,0.108033919444201,-0.222186970630554,-5.07196797359389,-10.5355996400142,95.9666370812735,275.519044771804,0
2007-03-16,0.997455587781676,1.9292228731241,3.74722487680491,1.838713972638,-0.814109269082763,113.088664047388,279.923377863203,0
2007-03-17,0.751149398612237,1.31102698273787,3.75304272949021,3.8853676875562,1.4998629939193,87.0786684336611,297.578284305615,0
2007-03-18,0.984667635092522,2.03012909796868,5.48315768571927,5.85033931323326,3.2129087550541,61.3959223497199,331.89313260434,2.0083558869327
2007-03-19,0.993006078325981,1.97328636236795,5.0649814928234,6.93225128055901,4.94417678283311,53.3076992289892,315.775008829026,1.18158712325442
2007-03-20,0.630097499834725,2.46360284683848,4.60973814233401,6.58950189582807,4.03762862940336,108.451630632295,277.455506004911,1.52388997671458
2007-03-21,0.64684580440428,3.85614156925579,4.66974741871424,5.88239478773307,1.05662486542225,148.378267574386,239.493253904878,0
2007-03-22,0.263255083962002,3.64972601752159,0.403172198449369,4.90811157496044,-2.47228104868762,161.168092452474,226.363184612187,0
2007-03-23,0.253995639938763,1.0164644535654,-0.357940369326193,1.43065379047677,-5.26729007778979,52.066863492447,278.428230667403,3.35706222829933
2007-03-24,0.898523212571589,3.01017849260279,3.98742402625928,4.79949660593834,0.697992919461321,163.973813491499,234.742637525475,0
2007-03-25,0.097482298268741,1.30768729168453,-4.71425670888926,2.77923273150907,-7.45558381915007,167.306084667874,222.951927589913,0
2007-03-26,0.517269128428757,0.98511652332075,-1.62676467200688,0.187632528679408,-7.97385295168975,137.192429740397,249.306666334412,0
2007-03-27,0.965394404395602,0.181352640762028,2.75745914516406,1.50868155705963,-4.06617689248588,37.7603103860465,312.060132437412,8.63221980074207
2007-03-28,0.991159884399557,2.03910368984746,5.11765196374884,4.24280062364702,2.45198257155474,163.563785380667,280.764290029797,1.1269092109443
2007-03-29,0.226918355805572,2.94029458092994,2.37636911445845,7.19732891445223,2.68072159574253,164.414574128882,244.726703196439,0
2007-03-30,0.485977157536368,1.18941593718285,-1.31049965183852,2.75904374087988,-4.10730863078906,182.098791242695,230.737240119502,0
2007-03-31,0.118828828414609,0.912835747367041,-2.36836696403791,2.97506575243332,-4.83108266137008,182.673635016575,240.170035685052,0
2007-04-01,0.568708189497935,1.14269340132984,2.87721683828612,3.04383495288981,-2.77593121583488,123.628333216334,295.004380503464,0
2007-04-02,0.843201534223757,2.10794637114049,3.82999662156356,6.20423185003274,2.78833524717287,190.531923462231,255.718523692022,0
2007-04-03,0.153634320098849,2.64026596066317,1.94555609811334,6.31578104923968,0.164187145530605,194.372885347519,251.332138488792,0
2007-04-04,0.499210757276945,0.598719619311494,-0.913933029179621,6.58950189582807,-0.720670280296575,158.394395396146,268.42722905973,0
2007-04-05,0.619458722680339,-0.714563190971265,0.0593630382277346,4.88145190158824,-0.857559362364193,160.752166368822,262.230598055844,1.63843403939356
2007-04-06,0.602197600143659,3.05613725306268,1.96889430965783,6.36162316748017,-0.593254486829951,39.1734925643837,303.18511818968,16.8962621146624
2007-04-07,0.982462851009931,-1.30397854874231,-2.31369434457376,4.06260649803453,1.11983665822464,191.544697244247,244.903321696459,0
2007-04-08,0.318539215761455,2.03012909796868,-3.58959429477812,4.03734969447003,-3.5301836126469,173.462280672035,243.308747231276,0
2007-04-09,0.353431543321813,0.206534623981597,0.0357325668122229,1.20320947557981,-3.41697427566327,215.674937896526,236.800436131089,0
2007-04-10,0.0982279663684128,0.132474837313667,-0.614244146989761,4.28660491888208,-3.07090562815513,193.873444478035,275.495423221662,0
2007-04-11,0.457869083916631,0.303466632063465,1.68227076159777,7.09117761585255,2.76204731727555,172.53758529287,297.333369818717,0
2007-04-12,0.658526315769072,-1.08619662162523,1.29043439265126,7.33608590820104,3.39086219196455,90.0245870470161,302.99032027654,0
2007-04-13,0.48750099365737,-1.39931207986574,-0.251844256810987,6.67180086689696,2.35820367768746,179.103132879485,275.095169483495,0
2007-04-14,0.666481549690968,-0.357698828743837,3.1669841102715,6.79256702777435,2.98677783374668,144.74745350503,297.739571705546,0
2007-04-15,0.645086374425456,-0.911294380439805,-0.333389948910335,7.50033513579153,2.12428993556721,192.505682349831,277.793000331844,0
2007-04-16,0.445327059133384,-0.716501924125577,-2.13996674275933,8.25678979954352,0.609848788485507,207.98247340441,263.15215707706,0
2007-04-17,0.356300061741809,-1.44269224714426,-0.032173067874155,6.93977978455566,-1.12872172571933,235.330906358893,242.141370042947,0
2007-04-18,0.0518512713136256,-2.37395644269176,-0.0908741262825512,5.66250395878247,-2.24249423212593,250.692577861578,224.47985889412,0
2007-04-19,0.0460799480630375,-1.44114190072484,-1.5913936853463,4.49199980415861,-5.33671788693038,250.327535088608,230.349254195622,0
2007-04-20,0.171830123406408,0.46687167654237,-1.15301425087043,6.49133053176961,-3.11162213089732,228.076307942337,263.534641300865,0
2007-04-21,0.504862605726604,-0.136005223980742,-1.61384054775165,7.96606966850263,0.413310808217654,133.155283833427,295.701046395068,4.0410910266192
2007-04-22,0.917024139807474,-2.46522146419282,0.202854092857291,6.12509657132582,1.9338930519824,98.6076419144632,297.055020345524,3.35219581551948
2007-04-23,0.982531337329132,-2.57675447746766,0.640619236754316,4.13839652490724,-1.12872172571933,148.624579684159,290.696452731381,0
2007-04-24,0.982811497588133,-3.28703785969954,0.152525094176206,5.14941180023828,-1.08978693810981,134.964377701296,296.173240079786,1.00058133788682
2007-04-25,0.998268978563914,-3.55060418169977,-0.611491403524384,6.01538987230041,-0.242669907707639,61.7312798106875,323.420698131003,10.6308391910463
2007-04-26,0.993251130550587,-2.53424486182639,-1.24021836995754,6.11791743539211,2.85096946378587,81.9271953555882,324.033677540754,1.34294549740652
2007-04-27,0.883741622053911,-1.49188464405694,-1.05046824181574,6.93929561858948,3.73884009550449,159.621115527289,302.462767766925,0
2007-04-28,0.921507165330018,-1.96513782323925,0.0621616859807925,8.80232631819334,3.01498514883558,165.493894442849,296.067660011552,0
2007-04-29,0.908605247829297,-0.507914336556296,0.913621753333297,9.81009211503097,2.82567748635311,188.647664550606,291.257331088098,1.54418030916212
2007-04-30,0.867443278358314,0.458538410664435,0.936684882786491,9.01306330693455,3.68909216759776,110.759175711872,304.388403847925,4.44007784579975
2007-05-01,0.943292888665877,-1.73757942178782,-3.17722604329403,5.21307197973692,0.905488695948811,113.910170265212,303.200690394454,8.93306962726092
2007-05-02,0.958688831939497,-3.21602212956811,-2.51220538124424,6.49133053176961,2.14881345169822,160.44275164029,298.885093314578,2.948638765787
2007-05-03,0.859220206730551,-2.46248598250061,-3.71120076799814,7.66624064908255,2.24697200984599,198.134923904497,294.189039793174,0
2007-05-04,0.897629315638268,-2.66550114734776,-2.81114855982383,8.54693052416764,-0.532074805560575,199.120575086701,297.175584002621,0
2007-05-05,0.887752441455651,-2.53647432048388,-1.19305577436961,8.72447648850345,1.1639725104789,72.5344003173486,321.587434525812,4.92006032724461
2007-05-06,0.974175906947267,-1.97062253430845,-0.730869646181539,6.74464039208542,3.43389438551396,114.009771743201,327.048151269741,1.48856510450788
2007-05-07,0.970640429152258,-0.953624952154326,-3.48025539121291,8.54732318856626,4.19012476819133,112.933693362851,316.408471521436,6.53026122399165
2007-05-08,0.996798000556791,-0.255176908310691,-5.19606680657826,7.43277527975982,3.60275673518656,109.897554848108,321.722596237619,0
2007-05-09,0.948511984439637,0.377166010842974,-0.0942387958196224,8.51026995685745,3.85325380545457,127.005355252528,314.99116880237,0
2007-05-10,0.629184758676229,0.67029320110431,0.482623603014879,8.55848341234919,4.26059404438436,226.403857705165,286.143620077885,1.13592715343774
2007-05-11,0.538552471554535,0.746933391235491,-0.00829220068786735,9.57612484764699,4.37614540284153,228.073546819495,299.802624486748,1.78391562770403
2007-05-12,0.839984898683394,-0.44452103168747,2.72355953522428,9.77147143853727,4.36321979437974,53.7914853085519,359.372684520566,5.63354774988599
2007-05-13,0.99907216401095,-0.176605258011157,3.00441557730915,10.8567407857672,8.83348622679922,231.827591524298,302.99032027654,0
2007-05-14,0.418763992817785,0.877072842581114,3.61934243528258,10.5843067825639,6.04017605468417,208.628478580637,302.397506952389,0
2007-05-15,0.849068797519208,0.502084499676942,1.94915708162771,11.8400372841986,6.29037995416747,204.989292751817,297.933493238877,0
2007-05-16,0.566504258351806,1.00822641612055,2.30450916608645,11.782182123428,6.49394675096566,261.378663742279,288.039291229803,0
2007-05-17,0.514548790709989,0.814685396663319,3.52234668877166,10.5820977381845,5.30221352754678,111.133029471732,303.094860679414,6.44110186773409
2007-05-18,0.602197600143659,1.0061868755655,1.45133392646422,9.31304786715284,6.16023798394017,259.770926892437,282.737055249788,0
2007-05-19,0.192264696096203,0.994043267298977,0.827192509971812,10.5820977381845,4.52880129991195,277.478359440403,274.955576915447,0
2007-05-20,0.108351822645163,0.0638035075476943,-1.64858075172698,11.4718255560959,3.73782444179413,261.432884914246,284.596543080793,0
2007-05-21,0.338900556261009,-1.21242977238793,-1.5669555413814,13.1189852330357,4.0797782875449,260.627269933086,286.810000346129,0
2007-05-22,0.69841978716273,-1.7815534995787,0.0560369648838443,13.2045242268777,4.13997088616337,267.650552954855,290.992225278184,0
2007-05-23,0.86923617806764,-2.07368086844717,-0.687977653157241,13.764976522828,4.74893280499688,154.53470529321,324.204787493303,0
2007-05-24,0.852253421798572,-3.0775407414349,-0.51314773706806,14.3926218181124,6.69159065954448,241.139572832071,332.692534990093,0
2007-05-25,0.737444941198391,-3.11276231559445,0.875278453399727,17.0262314722909,8.81695641078572,130.510458112906,348.443273789619,5.10631430817166
2007-05-26,0.825181974662989,0.282078820258784,2.91227413791027,13.57685944248,11.0772201650952,276.578947687894,316.933442862413,0
2007-05-27,0.891489199483198,1.21268976735328,2.8135588105134,16.2514596151691,9.71511090996006,159.964811762431,353.189754026783,11.181847286679
2007-05-28,0.933139316091569,-0.431513335539916,-0.248834686563664,16.1521879768176,12.0771371182681,99.9359677130928,340.439037704957,6.66365174142316
2007-05-29,0.861986305896499,-2.40625409200472,-1.90578218372081,10.9729456214521,7.30363817061868,271.245782542033,322.921745079781,0
2007-05-30,0.289475940994912,-1.12199015740911,0.462869283648513,16.6179509948265,10.8484678893257,199.977528328864,343.949778546175,12.2699356774022
2007-05-31,0.682277829195736,0.916543086704618,2.42161529436329,18.2084739312608,13.9028295761396,327.948428032809,302.96239752378,0
2008-02-01,0.953344489958203,0.568406214866385,3.37594818583676,3.41178797626438,1.15146903314884,23.0494931414006,251.206785165655,1.26598491806257
2008-02-02,0.83251198497058,3.18685936976879,-0.134493867827204,-1.61926698591599,-8.03110739911437,20.8147768419529,284.166651586534,4.53604401195677
2008-02-03,0.999335724567782,1.20499513134852,2.24070259124538,0.17373091033814,-2.38814437142088,25.9552472208306,296.842160923796,3.32315437471299
2008-02-04,0.999335724567782,-1.93450146255987,3.10653455971947,2.23636098133643,0.127903806100747,26.4797681630304,311.553751318096,13.5571835740434
2008-02-05,0.932106904434717,0.0823977557890075,5.03832502061315,5.14037503150506,2.77908135958111,27.8956079043736,291.046355767854,1.76647084134055
2008-02-06,0.722755265721408,2.84251856318513,3.1276352660705,5.01211575951616,2.2859436638477,44.5049966249515,252.610262352264,0
2008-02-07,0.385784740908511,2.41043217668311,1.26385058533875,2.14662872156688,-0.860573334302344,52.1997627988843,229.427481287038,0
2008-02-08,0.201712261041472,1.46931516165193,-1.77835592727898,-0.456376228795807,-5.5895077380895,41.1754216220027,253.58551597471,0
2008-02-09,0.546544921874959,0.463069154730408,-0.0663675424562954,-1.06225714644429,-4.38263389553865,50.188703365838,248.122089208931,0
2008-02-10,0.132492196398102,0.447325369555618,0.311891852418692,-0.870444777956544,-3.64480570872216,53.2809070833128,240.134785888718,0
2008-02-11,0.234410360330607,2.22714672752423,0.309013714215396,0.899181385565007,-4.90150440295288,39.1052980597086,236.129832528063,0
2008-02-12,0.832672056035632,0.665609565172695,-0.729478311228724,-3.14567967306976,-8.89722318648455,62.369191736186,221.420474817161,0
2008-02-13,0.383716098379728,1.34622604822757,-0.356776278291284,-3.03026881814709,-8.66092965743317,54.1581728632585,252.410492568833,0
2008-02-14,0.732355355661206,2.60362333734626,2.55655199214318,2.56845647593799,-1.00034543599964,52.4865479846498,268.244232275957,0
2008-02-15,0.680007137848785,2.58963988455427,2.56687422592757,4.70210048095085,0.770079450776301,63.9609166762793,236.325603289993,0
2008-02-16,0.327264014474137,4.82246615598396,0.925239986083035,3.05824961710703,-3.79168784805226,72.0205459550604,213.905624225696,0
2008-02-17,0.242541560460933,2.91793945604695,-0.773092813672646,-0.108690584746566,-6.7925528478097,40.4404207901746,270.248540104663,7.93105282734292
2008-02-18,0.616897070384481,1.86265833836605,-2.21809030817666,0.298789979455477,-4.7439664262405,77.0324319508635,209.665956461405,0
2008-02-19,0.344449784409651,2.92100260910263,1.33640474850984,-0.635025712106879,-6.48420595991752,49.4329372399155,263.004626980002,0
2008-02-20,0.993386240812065,3.61641650310776,3.09800892138398,5.85246940973872,1.42487583627515,54.5470890268053,281.092719957389,0
2008-02-21,0.920167418318697,3.31757774626401,5.49668345355944,6.17254090293064,2.74976277103952,48.505895348183,269.742607514418,0
2008-02-22,0.334029500783242,3.43164090293408,1.98034501344587,3.95407200952813,-1.80974795441785,83.4831531010064,225.2473192838,0
2008-02-23,0.730062577062693,0.124210028248517,2.91749078290335,-0.680642689229609,-6.87016054551832,48.505895348183,280.157364667161,7.71789074285004
2008-02-24,0.663842543829309,3.25983025862978,3.97714036592005,5.01211575951616,-0.0300869901391174,36.0541460617566,287.089578774872,0
2008-02-25,0.989013071244795,2.25546388425522,2.88299107754337,5.66381848638442,2.87304483532595,43.2135040355944,301.790146010938,3.34408683261024
2008-02-26,0.964403508142642,-0.925527826441115,-0.53864465221629,3.97333646648413,1.55063434011868,64.3275976088966,279.402784386411,2.3291200672888
2008-02-27,0.453450042398214,2.54568983055686,2.02726670776941,4.24257766215589,0.479047755693944,91.1530094763664,240.181310019592,0
2008-02-28,0.425510608305362,2.47452933722335,2.4158785690765,2.85914437877851,-0.954331626920891,99.5151756513846,230.69328161032,0
2008-02-29,0.0425418814838211,0.742086950948758,0.204426884741943,0.865783403303646,-2.90269988835893,42.6701289298642,266.397447527963,0
2008-03-01,0.767131500134274,-2.46009791381706,-2.08988927570515,-1.65311145386296,-5.78832795912833,95.4055075920827,215.035452005296,0
2008-03-02,0.264212428514646,-0.203275690856393,-2.18492416481142,-3.84836464569767,-10.3358003729561,112.94138861276,199.196473077374,0
2008-03-03,0.464205635637869,-0.172864640445071,0.953709385134407,-3.2241535230986,-11.1559619057977,28.4612291410096,302.537470835185,8.61995592095411
2008-03-04,0.815804090958212,2.08823756009031,5.09602127140645,3.24241073907435,1.06563283273565,108.554190314389,227.882908506993,0
2008-03-05,0.211186000093182,2.01885764541303,-1.56219953780994,0.847657049238189,-4.72054347017625,91.8039975894867,261.594677118305,0
2008-03-06,0.680007137848785,1.30337678524511,-0.0601932679769732,2.15907919064715,-1.64539147039197,73.9468759971897,266.451315734423,0
2008-03-07,0.821442842970181,1.21508183740238,1.11376627872734,2.12145506361141,-0.789143808750935,49.1849700077297,285.526608494267,3.91321350051211
2008-03-08,0.717774325373927,2.96552616604596,3.03320409017072,5.77293822970119,2.09055926670948,54.9469923980897,278.972047589391,2.02489095695324
2008-03-09,0.432086448831102,4.21775393499079,3.59542063617943,6.48793961321682,0.986276952495215,94.7590337971207,250.379223930426,0
2008-03-10,0.896082621736934,3.06069898608734,2.14337278614469,3.4742196221293,-1.72470923871342,109.325574005544,240.154886724517,0
2008-03-11,0.607691388515843,0.485325601042139,-0.900685714795847,1.12128227638196,-2.65261538564555,121.343091024805,230.17403834658,0
2008-03-12,0.338900556261009,-0.490926780915552,0.356941337465075,-0.415085567094662,-4.14918003783777,35.652353818021,296.759651006632,10.3617353721686
2008-03-13,0.999905080716431,-1.34855802465979,3.01640726172828,2.70968872910439,1.14172687983332,39.9086090909493,312.049076490949,3.53806522934454
2008-03-14,0.771034671591316,-0.424940928573685,-0.340125265336279,3.65740886487685,1.7615592796639,141.56482520689,233.681706044038,0
2008-03-15,0.402297817420494,1.19229772079584,-0.928443294123668,1.31708185239658,-3.12117274666403,143.332840010866,231.465308973202,0
2008-03-16,0.451610812267429,0.0507788112684761,-0.34216831256716,1.17823357374208,-4.1514807910097,135.573918054975,253.934384040435,0
2008-03-17,0.581541677130357,0.884412120522986,2.04709001404996,2.87577884672695,-0.335320444953768,147.824316754253,247.155838317216,0
2008-03-18,0.289332571380433,-0.309745864268948,-0.346012693745894,2.79686476337023,-1.61331355052975,125.690660147426,273.720633950251,0
2008-03-19,0.747410961671901,0.82218579054505,3.37594818583676,4.27738661390342,1.4910509191238,141.187956137581,245.960763296546,0
2008-03-20,0.146860104388856,-0.600622321574273,-1.34573946252938,2.00212266565299,-2.39565886861105,158.577620721254,232.528889888962,0
2008-03-21,0.142123766823155,-0.70094779246416,-1.37425207081203,2.02154133465975,-3.90062648243294,154.371283433292,250.820854337799,0
2008-03-22,0.605189359904391,-1.68330144931726,-0.51030295056153,3.89684176219016,-0.698616520413186,105.925797092827,284.166651586534,0
2008-03-23,0.797573082787414,-2.71198906521864,-0.172821089618623,3.79868325129172,-0.382687414247499,103.925988013762,284.077266019582,0
2008-03-24,0.938450762175362,-1.68464748680898,-1.40613885710461,3.40628059386243,-0.957024021222658,166.677846561569,243.984060906396,0
2008-03-25,0.290495575942024,-0.862217675606248,-2.46175878995177,3.23960228138733,-3.3699574349971,169.096545790354,246.629029543877,0
2008-03-26,0.397606016501402,-0.159855847334575,-1.64257134139425,2.62682490117458,-3.84641574332965,179.740245860729,222.307799807479,0
2008-03-27,0.010673901043909,0.663135619521079,-0.690351393088597,1.38005883458584,-5.98831397062912,179.918723324595,229.102843687933,0
2008-03-28,0.126182546199939,-0.546988769021556,-2.08502810943797,1.92642153445653,-5.23067489995828,168.972593551417,251.311871668506,0
2008-03-29,0.598262644718428,1.5543553318359,1.55377450675728,3.41178797626438,-2.11896045073666,177.18190230271,248.586585198166,0
2008-03-30,0.0581192308154766,1.14769484830259,-3.06901804230559,5.51476586564205,-2.42903609399934,164.558829044231,234.237739521856,0
2008-03-31,0.38209905132534,-0.76550324764839,-3.69030095542321,1.46324998932979,-6.45232525631734,170.244380659153,225.670720036044,0
2008-04-01,0.340192082429351,-0.674108713767879,-2.06743867091471,-0.503205722155455,-9.36916217726326,188.41562896318,224.47985889412,0
2008-04-02,0.588113860256279,-0.73951358716221,0.938679580601559,0.313173436349798,-8.86704091848688,51.224811875833,301.98404799486,19.3101292509952
2008-04-03,0.98875359617267,-2.63657951211276,3.36646923008758,3.36001310311448,0.82348769811521,85.4823483116168,315.280920525703,6.91013068158699
2008-04-04,0.990909606722764,-1.38281788583472,-0.487451609751206,5.16450510101133,2.28514638765382,94.7475957367649,315.712272092211,4.34060100257152
2008-04-05,0.91944245253305,-2.26304640142325,-1.99848441019096,5.72757205609107,2.06385146204728,159.206797953391,279.758799910529,0
2008-04-06,0.516087842810341,-1.25491292623754,-3.70866688347554,5.97177451227233,-0.475951108855879,195.475505471719,248.396817958946,0
2008-04-07,0.752072131482354,-1.83140909270521,-2.70249056382695,4.08339043378897,-4.11425570038022,144.098162990174,278.557414977636,0
2008-04-08,0.87329172091122,-1.72328476331779,-2.69217934591621,4.96743496316629,-1.88018679974346,58.5339953221538,315.966335610468,2.47997557081074
2008-04-09,0.896082621736934,-1.98872272487603,-2.67203490185585,6.37213487417827,2.58291023703639,108.666002236488,307.254811333688,0
2008-04-10,0.633824075145283,-2.66064935279489,-1.92578842309388,8.34924412521313,4.06950658309945,146.804627229386,294.933962458481,1.1010906331113
2008-04-11,0.521711761941328,-2.46544866804057,-1.72445838309374,8.63192070085965,4.11430209710327,101.682141738688,308.523230251516,7.34463085317504
2008-04-12,0.802211844657982,-1.75848856367343,-1.4823673591108,7.64291956261992,4.13601206123731,74.4407286301443,326.041674716213,0
2008-04-13,0.99356476006586,-0.0967052569507169,0.929710981076352,7.93231802991642,5.2248105104245,138.186675535943,309.826028686428,0
2008-04-14,0.838562264632507,-1.25593636949136,-0.352310677720555,8.41551160111331,5.09737353525649,101.050438979975,324.614591409874,4.50768347312374
2008-04-15,0.884875800152315,-2.37765384996849,0.594011022896457,9.10669201749885,5.95155968731422,124.574090150857,317.112348774113,1.28368731289628
2008-04-16,0.731346501858134,-1.44597230869492,2.34740187963452,9.0289568501069,5.70814279295742,137.032638451175,309.067602466146,1.61162361067096
2008-04-17,0.747639737661886,-0.903403686191943,0.0397961335849688,8.62751545464751,5.16381910533618,135.776502857017,312.951997253042,6.31280329067621
2008-04-18,0.812952021946032,-1.75848856367343,0.32344658833181,9.18295530132194,5.91779467298478,91.1790898939693,324.20293871299,0
2008-04-19,0.991930610335527,-2.03058053887736,-1.35991166457448,9.26483219211324,5.79507268543995,178.999624108848,300.937489563093,0
2008-04-20,0.948101639223546,-2.92592841629433,0.0866176708821883,10.0186197321177,5.14704336785424,84.7533976895689,314.082555920991,3.22474110150033
2008-04-21,0.619380447233864,-0.195911259968786,2.15014036015073,8.59768958797785,5.93542637530916,213.586619676646,285.027017451872,0
2008-04-22,0.779207364724312,-1.35541751185572,1.21785754235232,10.3798601711461,4.39733823970276,141.346895515278,308.523230251516,0
2008-04-23,0.983305368318126,-3.04395545263295,0.594111145677562,11.6341359903583,5.67195338955732,202.470788272115,298.803570340827,0
2008-04-24,0.627651453065802,-2.9002194150125,0.952847722948902,12.0397339347735,6.07635630626849,111.643331077398,333.207474494379,6.31280329067621
2008-04-25,0.987084900751185,-1.65554227625385,2.34185244884385,10.8052773566651,7.55493171856791,127.933049219622,328.753448597799,4.76286038115446
2008-04-26,0.862173243190308,-0.698666009896864,1.79461844841409,9.91057788609559,7.52379287944136,102.171357751946,327.060017961755,7.01133710205326
2008-04-27,0.991930229146154,-1.80266096655178,-0.44354600409635,10.0354581326699,7.58106393672886,45.4304465128167,342.605666492337,3.70322910280928
2008-04-28,0.931450836499544,-1.51438254724189,-1.11763760172415,9.30215828428261,6.8153133204938,102.462387679157,327.048151269741,7.29081931574038
2008-04-29,0.88861647804772,0.528878816778453,-1.3296840596688,9.3775711151347,6.42016359014211,107.769538499224,312.391797208403,2.35980631323226
2008-04-30,0.796464525585933,-0.521316392663529,-6.28290682685078,7.5370147045253,0.277612860461404,285.505883542505,231.615630708745,0
2008-05-01,0.226264957087111,-0.591626371351119,-2.22503958887672,6.79039475114508,-3.03040469148933,255.528678460209,261.345828821228,0
2008-05-02,0.881955679530279,0.277736129874105,2.27643076639681,9.03175985144255,1.10674219853287,272.26402075526,265.570966391103,0
2008-05-03,0.549147185262723,0.210314702608679,1.66316031014502,10.5587318011336,4.15582692636781,280.460349491319,273.07000555194,0
2008-05-04,0.0397374684621078,0.323433270377522,0.661200761432801,12.9863153036503,5.93542637530916,286.313474797553,272.426680807614,0
2008-05-05,0.000424015116681995,0.791291492633658,1.33918069905754,14.3803179216588,6.32594252585881,286.435318023699,274.656248119204,0
2008-05-06,0.0288505872158033,0.168768012526608,-0.0912548665839551,15.085280480031,6.1234023809592,247.601811413,280.410034443075,0
2008-05-07,0.208017625917863,-1.16674945317639,-4.53529828631458,11.6458144633413,1.83389014523152,291.10967930339,253.487722776732,0
2008-05-08,0.052144795685357,-0.179180685852017,-2.68245521443126,10.0483760235187,0.947156248355628,286.419148804376,267.037460084525,0
2008-05-09,0.159388394482656,-0.567080927092021,-0.496046242554908,12.6397473375085,3.46079690341928,290.769775786273,277.078081763305,0
2008-05-10,0.257225823537097,-0.336393563913719,0.951322975760845,14.0841572133215,5.92177306587406,224.442888417215,311.308231742211,0
2008-05-11,0.491409152239504,-0.355344365266337,1.46536003342227,15.5973271121332,8.73116757514876,264.50897093971,297.375840292542,0
2008-05-12,0.397507741790293,1.76996129500252,2.78078219854768,14.0521227538028,7.00168908318404,235.330906358893,302.163858809471,2.33441601604174
2008-05-13,0.500524643927792,-0.323408175895706,-1.54519969387667,14.4375767885225,6.30279329918951,188.82858610661,309.140702030843,0
2008-05-14,0.459354185808443,-0.96746297024974,-1.60429588551839,14.3926218181124,6.30279329918951,248.401864771317,298.64613261507,0
2008-05-15,0.517242200947695,-0.512987638942842,1.33141367844903,15.085280480031,4.79474104347945,216.863058092528,303.094860679414,0
2008-05-16,0.596782117182194,0.744270745901108,2.72006786313595,14.5577503575377,6.71423598697447,280.345162800473,291.226681696506,0
2008-05-17,0.475342428482735,1.68099747099583,2.8824712438908,15.3519413956199,7.13188467328292,286.317708270885,293.15503231893,0
2008-05-18,0.108563693287302,1.05839549213848,2.9209932578895,15.5973271121332,7.63206509316284,276.931845229888,306.782821991308,0
2008-05-19,0.50955743396842,0.0823977557890075,2.13205847934229,16.5118531248613,9.0500729850658,190.902225222771,351.047495466127,11.7497040413741
2008-05-20,0.903114808471934,-1.73522144080687,2.24476639174453,18.5717102391721,12.0771371182681,124.574090150857,349.767180726483,10.7276526481478
2008-05-21,0.682736543067788,0.685901371223427,3.88101856232633,12.9190278345085,9.96021674014952,174.243784668348,327.048151269741,3.98939769332584
2008-05-22,0.682277829195736,0.71158193799387,-1.85695797644607,13.7441055339617,9.15486338118816,140.52710053075,339.116426448116,0
2008-05-23,0.75389837777751,0.00472329913462206,-1.11059792402382,14.3921135824694,8.44448264615854,249.852045919122,303.648783388616,0
2008-05-24,0.341034188020069,1.28220390058994,2.2584154690504,15.5973271121332,8.56005540946283,284.305440083133,290.50815199957,0
2008-05-25,0.970972180924888,1.48669619472013,4.43064089686131,14.7343349543856,7.98926318690385,243.405489346966,297.329524408735,0
2008-05-26,0.359329056979837,2.09124549149625,1.53660215460654,14.9629755922615,6.43522842080337,282.992758490426,284.902484046909,0
2008-05-27,0.556245844654786,1.42042028043994,0.255446425600406,14.1173614166204,4.31698595080282,255.528678460209,310.363573504922,0
2008-05-28,0.691178727719301,0.220293968604136,0.557515798696547,15.7743612730095,7.60653231229104,160.814942462513,331.333585612217,1.04189651335311
2008-05-29,0.77120337469397,0.460038182210002,1.77957277061658,14.8082956833264,8.11600041910314,216.154334743696,319.289519610652,1.0957581616453
2008-05-30,0.570614857417885,2.25546388425522,2.27406632964486,15.100685458674,8.40017833416591,221.664095308656,322.126694021779,1.56900967510343
2008-05-31,0.851206546475438,2.50114842618412,5.03958163112006,15.4324926052215,9.71511090996006,291.089165850387,291.634851749805,0
2009-02-01,0.618868305421647,-1.02416283572527,-0.877379463980637,-4.51368911180222,-7.12994130215554,45.3360510472671,211.796985016292,0
2009-02-02,0.105948258386709,-1.47978011224068,-1.31049965183852,-7.58304808069349,-9.91000727720857,30.2868780198102,252.789752308471,0
2009-02-03,0.861813813741442,-1.08550148342143,-1.7187595395305,-6.58624482677686,-8.97781428431569,22.9640501273769,275.035018056255,0
2009-02-04,0.926522079360668,-0.323216598568843,-1.04545896741215,-5.83462721761614,-8.10725662344771,29.4820464929763,271.336362875258,1.70887297685747
2009-02-05,0.98720704295929,-0.428447601880754,-1.81913205295541,-4.9742802080839,-7.67774336682921,26.4797681630304,272.575026043189,5.83374553803468
2009-02-06,0.999905080716431,-1.50006992562615,-3.87241039964934,-4.54794173214998,-7.9078769936092,53.6701740384943,202.946425576986,0
2009-02-07,0.264832342026082,-0.525706677481738,-1.01869937945778,-9.69994536703734,-12.477214584121,26.7340277546479,243.05669384906,10.0857794968726
2009-02-08,0.981344308879146,-2.84526775137562,-1.73102203213953,-11.3183087255077,-14.0407509965656,46.8094020454194,231.726798588833,0
2009-02-09,0.762068818069761,-0.209921739551902,-0.911531814218947,-10.8188241442542,-13.2118289817442,32.2308550825336,251.744239710505,0
2009-02-10,0.861986305896499,0.00974827965219956,-1.57717461877294,-7.84868388365325,-10.3360257130118,60.1514667248982,202.544214774328,0
2009-02-11,0.165635557644089,-0.791762152038902,-3.71120076799814,-9.26943634516748,-12.6706414264943,60.6285172902651,198.952026203598,0
2009-02-12,0.307220682827553,0.246271725363258,-1.68896068512508,-10.5796624246266,-14.104073374685,63.7613902198546,199.070066153618,0
2009-02-13,0.190935217390726,-0.174370871213685,-2.04325930438784,-9.86346619574113,-12.7592461991204,67.6849051351373,194.056989270244,0
2009-02-14,0.0495000572407938,-0.553927019257229,-2.13996674275933,-10.3985950999331,-13.5352347555259,54.9469923980897,222.697542044705,0
2009-02-15,0.752072131482354,0.390339854864188,-2.28149003789983,-7.84688594211221,-12.3269711208894,50.3001340843181,255.463534321195,0
2009-02-16,0.638879864070591,-1.84045932694832,-3.36077885938298,-1.04571956337292,-5.39307532850482,57.0788155428948,223.217106921091,0
2009-02-17,0.336809981851324,-1.20301372761457,-1.73932675933242,-5.88817639232168,-8.96270296555701,75.86856704243,207.585179445083,0
2009-02-18,0.136806805173309,0.199857259624488,-1.4552135996549,-8.20752455274884,-11.9575678446909,67.9356270258999,231.922853776634,0
2009-02-19,0.290891605676602,0.211478390295793,-1.88044602883048,-4.21972588959149,-8.12624598881998,71.5966938656794,225.432377703637,0
2009-02-20,0.20838808405718,0.0469264262343049,-1.70290821240973,-4.84132537645724,-8.5591034613139,76.4926271611328,225.410339519055,0
2009-02-21,0.264832342026082,0.549820542532802,0.299605959831438,-6.64398966736665,-9.92773401229235,62.9502983331167,237.722687762524,0
2009-02-22,0.698107927997509,0.268268999729302,0.15037632745911,-6.46296647176402,-8.88076320502976,90.06696030737,213.412592483385,0
2009-02-23,0.213362160694361,1.11877654372562,-1.35617590945037,-5.12459814918054,-10.4993324129388,82.1023720977899,203.453113149505,0
2009-02-24,0.616862881189051,-0.233561242555258,-1.98870980801332,-8.41150949007901,-12.4738873407239,94.8368812683303,194.066589661622,0
2009-02-25,0.0371475211301111,0.273825313834123,-1.92177421994343,-8.22369121484984,-12.4859921038495,82.7929556184263,241.133915833108,0
2009-02-26,0.99863051463792,0.972609625496827,2.43104375386354,-4.0308758720745,-7.36783836017328,27.7158532538645,298.718780906237,4.73962068992853
2009-02-27,0.69608475810922,0.919451070558399,2.06437376063315,1.30647882417414,-0.576002151448866,98.0965341495239,230.367736328694,0
2009-02-28,0.344449784409651,1.85173436086482,-0.794071780854495,0.384272349252265,-3.90560246110274,78.1427358481899,253.301781974107,0
2009-03-01,0.988853441990464,0.995259817705323,1.61342953931337,-0.262754648896462,-3.22866038737978,90.917340843507,265.796922473046,0
2009-03-02,0.264212428514646,2.84251856318513,2.62593563471307,4.63632149365113,0.949200469700098,74.8219753922681,275.49897379492,8.9396921779504
2009-03-03,0.773423274037873,1.65143886894219,2.75790242010695,3.35187576263334,0.580597012602448,37.5560010183458,294.581330127616,7.29068279779956
2009-03-04,0.976087376100743,2.79141269589551,-3.46255733452724,2.42010974853143,-2.41497737315386,62.1404527710427,280.940696099325,3.18200824114641
2009-03-05,0.859604653162827,-0.574169145506425,-5.74451615815164,1.33485035577283,-2.38814437142088,72.7204785504083,278.220999716819,0
2009-03-06,0.892113672210281,-1.69615429760685,-3.79464501133423,0.836074952741209,-3.69125057657987,100.5316975358,247.079419901062,0
2009-03-07,0.862865071234469,-0.132712026870435,1.22799539229657,-1.21069356639798,-5.13141926778316,106.649953104994,248.401679776557,0
2009-03-08,0.669305593544426,1.64065466994119,3.55028986238432,-0.0865326560722695,-3.32433567624926,54.9469923980897,287.358383542625,1.23777581684924
2009-03-09,0.909413549540486,1.70020441647757,3.70948966945594,1.47555555388944,-0.552864536305774,103.754155884039,281.26020616049,0
2009-03-10,0.75853397253133,1.5745826865876,3.94968369043428,3.57463690904572,1.43575452320215,117.745645073698,272.575026043189,0
2009-03-11,0.677960855570964,2.19815592171713,2.17368089382337,6.193086656796,1.53056693122241,132.095069021073,258.446582521891,0
2009-03-12,0.0243227303811456,3.06276049774607,3.38029352700916,6.19061891445015,1.57923480501734,74.6222198363819,258.583831541789,1.56288671432727
2009-03-13,0.53060389816901,1.5238516608225,-0.925529981999743,2.15907919064715,-1.83931936753021,139.515678025438,217.785077014343,0
2009-03-14,0.079906174246842,1.16358222044787,-2.35618374831571,0.17097719551455,-6.69732102314766,142.849122243369,215.165361311107,0
2009-03-15,0.0200205354071009,-0.442348408150617,-2.00582327017001,-1.25649514364816,-6.79023423653457,146.881640619411,205.955054346553,0
2009-03-16,3.58254120009648e-05,-0.892128757262663,-1.2815017754106,-2.54080328950147,-9.03471122459197,148.952552221003,202.92204260174,0
2009-03-17,0.000295870141175491,0.0438970716676956,1.61342953931337,-2.18195389598409,-9.20737822081787,134.655171249281,232.046332526034,0
2009-03-18,0.606504544910964,1.47372114817442,4.60467874975822,0.219858057348461,-3.71767603724314,91.3611040949353,274.656248119204,0
2009-03-19,0.999138616041457,-0.918088173068936,4.29672214138676,1.68885275365128,-2.67958605358024,102.071242802601,269.86267656907,0
2009-03-20,0.989191990142477,-3.64295101344285,-1.31369584437616,0.826766448632573,-3.75145928455186,84.7533976895689,267.417664803131,0
2009-03-21,0.928671310591051,-4.13066586027372,-2.7692364076184,0.966470541975809,-3.69661418579248,108.451630632295,263.789715347219,0
2009-03-22,0.646439337356093,-2.42549653108238,-2.29460039090817,0.432293145209912,-4.06475047648206,98.6076419144632,271.234235578025,0
2009-03-23,0.706750475989126,-1.75720713552903,-2.44283416993671,-0.321956587885814,-5.0953518017685,172.523417074679,211.052750251376,0
2009-03-24,0.0948450654193168,-0.70094779246416,-2.48331107427066,0.11871666805883,-6.45561784122265,169.096545790354,229.323557522104,0
2009-03-25,0.335375816371684,-0.13689282616345,-2.43003796707118,1.30891697521303,-3.92178376014787,158.531910458715,262.171273321368,0
2009-03-26,0.428178167771818,1.42466650619468,-1.71747307640699,5.07878307344855,-0.320618193856354,147.553551308646,274.887042397009,0
2009-03-27,0.573056490231847,0.73416190449257,-0.479711319447385,6.30153245473585,1.73045389590288,175.854145198993,256.043436425373,0
2009-03-28,0.0742484320803112,1.12488727632276,-3.19099789036931,6.30021179450972,-1.31998233148185,179.247945457087,219.961109100187,0
2009-03-29,0.400915088907216,0.515517550916425,-4.75109787976043,1.20993121609639,-8.04754556524586,86.5196925059793,270.439116095108,5.23505001108137
2009-03-30,0.78591586780336,-1.29682332450788,0.485528799063104,-0.244156958515634,-4.685185538993,191.128305089725,209.535138016344,0
2009-03-31,0.550006401053599,0.691743503819084,0.2444440330279,-1.6532522186521,-8.88076320502976,91.851761977379,252.49684089943,1.91922033564085
2009-04-01,0.997592269213913,-0.631819877260143,1.75193295652557,-1.39650468116481,-6.47007632582072,135.214178620668,244.292589721549,0
2009-04-02,0.862967989810415,-1.02968976024398,-1.24432288100917,-1.0701395157145,-5.94524967838571,151.001496455713,242.051917872489,0
2009-04-03,0.998257688710356,1.23684794629946,-1.26840186854338,0.234008769705421,-6.37450731526557,151.315209719759,244.257199274415,0
2009-04-04,0.793318928349066,0.855748163291242,0.251376945483687,0.0339515540673959,-5.97647445280519,196.139171705839,230.509364555945,0
2009-04-05,0.272578576938587,0.212127960855429,0.974424204388332,0.530581110607393,-3.27172303437444,189.681690359201,249.146476836525,0
2009-04-06,0.294162199552187,-0.683773324317108,-0.785538658478851,1.89545119012914,-3.87381176058363,204.756529753394,237.005741510143,0
2009-04-07,0.403881257839348,-1.37001966763628,0.551389893542911,2.30339929987742,-3.89117777654825,170.244380659153,255.150295068238,0
2009-04-08,0.974883436054185,-2.67604391414868,-0.0329796597113945,2.20109539949032,-2.50537859783697,91.4729866779072,294.304977212655,0
2009-04-09,0.996724079292564,-1.72191349441728,-0.0237657721884629,2.94450035221524,-1.22870624549421,121.453332447836,281.967618023349,0
2009-04-10,0.819298206830001,-0.475224277519809,-0.53339123113232,3.21713375111303,-0.965990425149527,190.825900906415,262.054919525573,0
2009-04-11,0.85366922151834,0.388669475183496,-0.575644439285756,3.9669468649496,-1.7599343422536,191.866985738219,258.648838506985,0
2009-04-12,0.361992236737269,-1.59938525087319,0.239192569789161,4.00267685668331,-1.7599343422536,231.57923611352,230.050259710009,0
2009-04-13,0.000562158233708385,-0.429363627077871,0.873042869709906,2.75380720902895,-2.56052001866503,238.463242295834,228.085170352188,0
2009-04-14,0.0568583427838319,-0.143537194479364,0.866475505697008,2.9271235548851,-3.52606967629454,177.18190230271,258.955711604694,0
2009-04-15,0.519347777145606,1.14824352151882,2.43938688926459,3.9239453511042,-0.900803758140596,213.803905908411,256.033403245241,0
2009-04-16,0.637284007851965,0.82078138408377,-1.09213093522979,5.83338209436765,-0.983602116915619,203.538339953348,261.020739036163,0
2009-04-17,0.752770377822842,0.0527833726284003,-2.11511604374139,3.56331141995344,-3.12178687783208,150.175538040019,266.017134469992,2.27422767300269
2009-04-18,0.97671494581718,-1.39906769581221,-2.4634017743509,2.280437614498,-3.70885767526732,190.902225222771,254.219504664748,0
2009-04-19,0.462192888539253,-1.43026891354265,-0.442404415237614,2.77689970142787,-4.4038959832368,207.214289800312,252.226190213745,0
2009-04-20,0.879820391588448,0.168005671239969,3.87612041198528,3.93212216123764,-0.903184274133398,177.174297941795,275.845857724116,0
2009-04-21,0.814083692135825,1.51333873077297,4.5151211401166,5.21205069932451,0.897622221401635,235.802039947237,260.799940203622,0
2009-04-22,0.605189359904391,0.900498176070023,3.84625464280194,6.60798976269422,1.59274957428284,82.2586266316989,294.189039793174,3.82460874750234
2009-04-23,0.476661377652746,1.76425630923441,3.5698866796472,6.96019272948886,3.02058807211758,259.107822746798,262.616747521647,0
2009-04-24,0.598788622934358,1.32153005537841,-0.114867306261998,9.05682480433128,1.55666842605507,210.157064023485,277.401638625223,0
2009-04-25,0.925099902673778,0.790411746868054,2.43080080209087,8.34778448576342,3.31100041865427,246.951176877193,277.607192072578,0
2009-04-26,0.210050840196359,1.62979860461897,2.56224728692211,9.5892971842606,4.94928424910084,262.60314314295,279.193916010705,0
2009-04-27,0.311806331067607,1.10367843410172,1.8317246361614,11.5586418848161,5.62397632303845,250.272791702871,272.903988875465,0
2009-04-28,0.261337116368773,3.07068997294141,2.8135588105134,10.169778615226,3.72132000286769,251.24482116394,249.408040241002,0
2009-04-29,0.228777686370903,2.03910368984746,-4.26512360993352,6.96496136614844,-5.0953518017685,240.6046499524,242.778336488143,0
2009-04-30,0.264212428514646,1.08429246057633,-1.83276833235201,6.18724478184736,-3.84545377252832,211.740075238897,261.652405825296,0
2009-05-01,0.831678048376625,0.216264822253269,-0.0131810834469635,5.51476586564205,-2.25817582954083,249.768065565042,256.958007308817,1.23779785558205
2009-05-02,0.520753700286759,-0.743899019114606,-2.03718235702348,5.95360200631295,-1.39709077802505,239.83518543082,251.588670689307,0
2009-05-03,0.348528568075828,0.0246218764167599,-1.11750276862721,5.82439411121349,-3.6365808924026,200.622775856581,281.528637245156,0
2009-05-04,0.924519763190793,0.938419312462283,1.35473529748161,8.03791082065309,-0.711613835941103,206.490097931314,286.881255354702,0
2009-05-05,0.645838763163342,0.20239377620895,-0.0849993172789595,9.70040451268436,2.95293348513929,239.263240979879,286.332265894115,0
2009-05-06,0.682736543067788,-0.880596062431752,-0.204297254688052,9.93901531715354,2.02013818853357,172.067134370781,293.143828291946,0
2009-05-07,0.851941708284313,-1.49694438199504,1.78910987581199,9.10340945941327,1.83080091887688,159.54053745531,304.209740476713,1.269278101501
2009-05-08,0.891489199483198,-0.385106704884938,2.17742340824268,9.10669201749885,5.02832816352476,220.584018883976,298.213703717803,0
2009-05-09,0.788538614034096,1.03637696361667,3.43695542971353,9.90849116913828,5.09782472057499,204.989292751817,300.126322191047,0
2009-05-10,0.669846234962508,-0.903403686191943,2.17368089382337,11.2895282621219,4.86358401104647,226.609296104393,289.371660617346,0
2009-05-11,0.61651821918125,-0.106823331526304,2.75745914516406,10.9685211911636,4.9639002100706,68.7714811455666,331.162267821921,18.2174542511375
2009-05-12,0.999905080716431,-2.84526775137562,4.03203059087622,9.85556970523338,7.03974071494112,123.341020518906,320.151158718217,13.0995092013958
2009-05-13,0.650202014251135,0.878079703097259,3.74722487680491,9.64399847772366,6.53896975306311,235.330906358893,279.691813483789,1.30282353714827
2009-05-14,0.458692160246498,2.20502282279921,3.43664085131658,10.4094114691417,5.2488834584613,289.761425613338,276.579337805266,0
2009-05-15,0.273099390291166,1.34435493836531,1.651838086738,12.7140522322084,5.53356306627819,288.309029281966,291.282195622955,0
2009-05-16,0.668701731909064,0.115539969015992,1.27156236238759,14.3921135824694,7.66837238314302,246.951176877193,301.618990616391,0
2009-05-17,0.683713682371622,0.327676358377147,1.27919509855055,16.1375076827975,8.82553162469342,301.00188710829,289.081961512892,0
2009-05-18,0.0928933549990859,0.881964818510604,1.19636028254371,15.6611352506624,7.23860744714066,303.835568594809,288.460235412734,0
2009-05-19,0.324790958235064,1.14804487392572,2.09426709905654,16.2570358283885,8.27109178014103,298.100060512505,303.760704943964,0
2009-05-20,0.577154103697546,0.589413499510444,1.2274173643389,18.5717102391721,11.3201711791355,286.507248601173,303.200690394454,0
2009-05-21,0.226920189097072,-0.490514075716006,-2.5948677840738,15.0398339665397,6.73198481607864,322.349629995694,253.480852514121,0
2009-05-22,0.00205253988896014,-0.810539508189863,-3.81186205410082,10.359461365286,-0.362414446775138,313.478049966507,263.546286787878,0
2009-05-23,0.219605537237962,0.112999982525636,0.57582188104998,11.5820248779283,2.66620635783991,226.802156311866,291.046355767854,0
2009-05-24,0.779237736924335,-0.0545016021089498,3.31487636540445,11.532152287202,4.25954518466681,226.662527491139,299.079635309154,4.82637111402429
2009-05-25,0.737444941198391,-3.60388945016177,-1.37908569722795,11.8606075633376,3.9939006883733,145.211827279142,321.722596237619,3.50771687403351
2009-05-26,0.999905080716431,-4.17942446264595,-3.97514872343598,11.0249474618159,1.90553579647772,95.9999854041129,327.182691135756,1.34922320125842
2009-05-27,0.982811497588133,-3.5570206226241,-3.9817801185925,10.4583016790803,2.23358073493888,221.800446651283,321.555038188099,0
2009-05-28,0.877523327648528,-3.13031238867581,-2.34941539808704,14.1740925490188,2.97370119732086,200.721438852633,316.567323903521,0
2009-05-29,0.840924355674744,-1.72321588802859,-2.48262402122717,15.0398776715031,3.37284830188583,281.703111407988,289.799893343422,0
2009-05-30,0.953243131928196,-0.573218472292051,-0.44936594223808,16.3401038857466,4.7947684069867,285.023723189136,296.239218195962,0
2009-05-31,0.437500198726327,0.441114596464287,2.43531491775121,15.618320700124,5.74823095863506,315.461350178286,282.866203217283,0
2010-02-01,0.422498988025219,-0.132712026870435,-2.63612808637897,-11.0893603453406,-14.0065111093354,29.6578077919633,222.206270424062,0
2010-02-02,0.667640187698548,-0.537319714207598,-2.59124930285533,-11.0060400633681,-13.615301851328,45.176433581628,198.288412514941,0
2010-02-03,0.793318928349066,-0.424968606105175,-2.44283416993671,-12.1375161307052,-15.380859987788,33.0903846875053,245.744632942042,0
2010-02-04,0.841524724929412,-0.641825941330514,-1.95692016010807,-9.22137786658607,-12.0413305060626,27.5650563200978,265.177844910523,0
2010-02-05,0.597639645043637,-1.62491966511972,-0.473193558309645,-5.73432039175037,-8.36314618738436,24.931828931898,282.760160705473,1.95915199497551
2010-02-06,0.722659923625207,-1.07943526065177,2.33332125299932,-2.22779613218899,-4.69496999134097,28.3702391936435,285.231683531198,1.06807888971302
2010-02-07,0.637146393359595,-0.352438326049334,3.60110322058266,-1.37233706163136,-4.00007746565627,27.2964627409443,278.134440087463,0
2010-02-08,0.95486661533405,-0.884298945210098,1.53996998604448,-3.80517307737314,-5.94472608439944,48.0232372739238,225.85315473777,0
2010-02-09,0.854027670909427,-0.98368696931652,-0.934348550326807,-7.24150289120349,-9.61884779045127,54.8298738362633,205.521037657983,0
2010-02-10,0.962227974055369,-0.933904189954465,-1.18668172825239,-11.168857337884,-13.8900311353609,49.9429993710916,212.930390136146,0
2010-02-11,0.688371524228454,-0.0648653362798744,0.27720127929445,-10.7388699127377,-12.7124374723115,42.0404509639519,247.731268854934,0
2010-02-12,0.767214171719558,1.21491200963954,1.62449990446245,-7.78004231827713,-10.4833073555064,59.5833661449527,206.627419469034,0
2010-02-13,0.993936664243968,0.877728050819618,1.25831612962732,-9.22137786658607,-12.283902024187,57.0477624857306,230.669569437781,0
2010-02-14,0.998369728623569,1.08429246057633,0.0621616859807925,-7.57291156122469,-10.7228831588851,44.5282515013475,273.489346720909,0
2010-02-15,0.985457639380652,-0.940853366250646,-0.43131645398366,-2.51318663227283,-5.42755746795271,46.2809145299164,280.202213641177,0
2010-02-16,0.99026113705113,0.568851281003901,0.731068663144393,-0.982489657178585,-2.91663638631829,48.4408714196772,258.54317071412,0
2010-02-17,0.815230400668845,1.25420677305671,0.363119500874065,-2.77352352803788,-5.477749600562,62.6852416200557,243.732014755573,0
2010-02-18,0.100336745768756,1.14726184779892,1.22799539229657,-3.78735441396107,-6.48420595991752,67.6849051351373,239.493253904878,0
2010-02-19,0.504862605726604,0.270084753932676,-2.00582327017001,0.000875252257863807,-5.0953518017685,67.1141686511548,226.213886636917,0
2010-02-20,0.590175683242953,1.27538844122335,0.872454684592534,-4.14316461948369,-7.9078769936092,65.6602344631186,242.11131307026,0
2010-02-21,0.072772374867661,1.75737459721479,-0.44936594223808,-1.22877435475022,-5.63497302836149,85.3349583908578,216.898346725278,0
2010-02-22,0.883858260686792,1.0636388592466,0.492240298668548,-1.92620558254684,-6.73596194212515,76.7474172399787,238.551846486896,0
2010-02-23,0.43232491287051,0.793719437722927,-0.833086139845346,-1.51023961934825,-5.4270847918467,90.8571816311551,216.550473330206,0
2010-02-24,0.300434754542374,-0.686430894892001,-0.340125265336279,-3.93565680584271,-7.53202311265016,85.3768039744275,225.627588290106,0
2010-02-25,0.395200718914181,0.754018194687358,1.69686105896123,-4.61082431232987,-7.34327391867198,60.5837901388078,270.248952231928,0
2010-02-26,0.046946475345441,0.997519281164223,2.62304960197265,-1.36493916597302,-3.37651103890011,29.3405727557354,304.832753741462,4.76904313627323
2010-02-27,0.53009542456902,1.54501752527993,3.79004835570761,2.8569052022368,1.56288371839273,66.8253565393212,282.737055249788,0
2010-02-28,0.993717074883728,0.561172812816081,-0.0912548665839551,2.63757411382808,0.496157796963247,103.247753423471,229.596129658652,0
2010-03-01,0.605442711630815,1.71337110757311,-2.90366696296221,0.710442025999571,-4.52263535933312,89.7960759771831,232.180094783545,1.01276767819132
2010-03-02,0.472928446685798,0.464779723827533,-1.64359237317449,-1.76955358455295,-6.7925528478097,105.126297222138,211.667664311721,0
2010-03-03,0.457869083916631,-0.77854335182368,0.952847722948902,-4.82455098947944,-9.70067434282272,40.8668923653154,264.839183026466,0
2010-03-04,0.318177075251981,-2.77212385705928,1.86114668226348,-2.75326236932646,-7.80962823996575,69.8948723184921,255.463534321195,5.96271336146511
2010-03-05,0.59830368112788,-3.51074769520677,1.04835080987621,-1.13612633578349,-5.36750496875419,47.7971852978128,284.025939906628,2.99172769039174
2010-03-06,0.86167925625756,-3.65974884740552,0.0621616859807925,0.331212344996794,-3.62322296154015,73.9718416661404,262.068657397516,0
2010-03-07,0.632155596106295,-2.12458538994126,-0.356776278291284,-1.03051557442786,-4.35484727670799,121.017421509734,214.900548788496,0
2010-03-08,0.485702955414165,0.304068422206616,1.87854281461827,-3.05399329476509,-5.68789588573279,125.280693909531,210.918152620375,0
2010-03-09,0.0460799480630375,1.10367843410172,2.14337278614469,-2.88452218614291,-5.55384092430398,128.394135153419,218.345515030979,0
2010-03-10,0.538410450693986,0.85527732970346,0.872454684592534,-2.33070713372336,-7.67436281679688,134.243753303792,214.476169324204,0
2010-03-11,0.494597529453134,-0.700643692926292,-0.124555204019191,-2.47726318642503,-9.28773017400856,133.623350690516,224.060297064394,0
2010-03-12,0.504862605726604,-1.68102132577932,-0.822926560694927,-2.27003048140033,-6.7362581520005,110.0302864316,252.610262352264,0
2010-03-13,0.120727543707246,-0.897544344547931,-0.221842004979029,-0.389917638336005,-3.74860086346352,135.573918054975,243.558705813002,0
2010-03-14,0.00306501276515482,0.362993656190688,2.37568494918118,0.593134749486777,-1.83610127052248,94.2282488717221,294.795309216551,0
2010-03-15,0.322194896210126,-0.369746529563261,3.38020580432794,2.59818709518242,1.07989391075336,60.9478772958181,301.707970655331,5.15299725699386
2010-03-16,0.219113694715376,-0.414479506208969,2.97489471360129,3.05874282697913,1.44211501403148,68.6416956884332,285.076712709575,1.71800678430328
2010-03-17,0.0568827187928933,0.214290361981107,1.65957887712228,2.23063347461119,-0.0233367159420065,88.5209520687584,289.543222603128,0
2010-03-18,0.552724582120188,-0.16030632116447,0.731068663144393,1.8660557359403,-0.235650829786676,57.0718151331327,293.159206354401,3.56657283767466
2010-03-19,0.893435843837723,-0.512344448446409,0.245637666850163,1.80892100581398,-0.126337452474177,111.193671161955,265.024951680543,0
2010-03-20,0.99464888199617,0.0419920477996244,-5.06691345130948,3.68468840188473,-1.99687074899081,151.054799386726,220.143930541848,0
2010-03-21,0.989217736248023,-0.0577335930048108,-4.23547967889047,-0.210518390962599,-6.79023423653457,161.470769347064,204.118616066629,0
2010-03-22,0.367126951772223,-0.24375458063258,-2.78177547606492,-3.2553236312266,-9.62345652733091,148.952552221003,221.995548498926,0
2010-03-23,0.653671972548257,-2.02379808739158,-1.90815017754242,-2.53843937988849,-7.62609331894502,97.7613187532238,270.575962219664,0
2010-03-24,0.316842222905198,-2.90183910744563,-3.88722537808768,0.896531737719906,-3.50051967120703,69.8948723184921,290.733514343369,2.96708665818091
2010-03-25,0.4670390785454,-0.297405927823812,-3.65744225343272,1.94221827853499,-1.35123424678943,94.371598353469,290.476364453018,1.01276767819132
2010-03-26,0.803516891438642,-0.748923176959288,-2.25356495673252,2.67373983427286,-0.937020233075165,95.766929326896,290.234983065735,0
2010-03-27,0.0430459757522345,-0.144736264753129,-2.32776407403783,2.69775882920737,-1.39565661704236,121.128457166119,289.545490318361,3.18629509426931
2010-03-28,0.358918251360174,-2.40095737721081,-1.70217395937969,3.17301446393836,-0.849648732713086,72.4817030257731,305.785490093645,14.9346761682774
2010-03-29,0.589348607454459,-3.6470675258467,0.204052335587409,3.38132537546034,0.981156905821827,66.8253565393212,299.648862805406,11.8159494056601
2010-03-30,0.999905080716431,-2.09394312974978,2.52717620580298,3.11094407026195,1.11924622057824,103.053091171425,288.159460945792,2.02489095695324
2010-03-31,0.471258798905026,0.203887435073642,3.49739288483778,3.95690041402167,1.63249689613143,59.3489066231848,297.904399518751,4.76594656574797
2010-04-01,0.185898231806992,-1.10803404299275,0.594011022896457,3.73259989489302,1.65004450133491,99.1535174746196,309.826028686428,0
2010-04-02,0.585413651779704,-1.08254146052547,-1.43664714882169,5.3556830487294,1.64507889767378,75.4788375463364,317.529812038702,0
2010-04-03,0.971359750484872,-1.43703763057566,-1.81098227303585,5.28210882922529,2.38955554073604,180.775009763591,273.233212121926,0
2010-04-04,0.144904175829767,-0.155331220166769,-1.6718982115081,5.21507655418837,-0.563747214270009,198.134923904497,246.882103710538,0
2010-04-05,0.564274216376858,-0.054133891929408,1.09378448058367,3.58370004442642,-0.514575749887379,169.408126287528,274.882104950718,0
2010-04-06,0.842384399890615,0.945947168408628,1.37409148889427,4.9139970555924,1.10484674612953,190.877889506517,260.120403891838,0
2010-04-07,0.87845800850762,0.40897467614281,-1.14200241330307,6.23476366395398,-0.131290251030105,175.807562745931,275.042360639909,0
2010-04-08,0.948458689209271,-0.190372312488062,1.25901006694179,5.4127888110979,0.932166318479284,157.316824388726,276.511939167862,0
2010-04-09,0.264476217345073,-0.91982223105076,1.66669468666052,4.97008197044378,-0.512755535674862,92.502201083231,294.650166982517,2.67984751473196
2010-04-10,0.62910014176965,-0.762702645120056,2.23218971025217,4.41462561660042,1.26298658745491,39.9086090909493,322.417261292345,3.20634678802976
2010-04-11,0.202062317418076,-0.172864640445071,1.72384398064455,4.92372251891082,2.972313276364,141.329308382449,292.143039115217,4.21631858987998
2010-04-12,0.609084248418556,-0.607030027638805,-0.142205591807368,4.75569869029067,0.675689448974971,146.176135463909,289.207704782962,0
2010-04-13,0.285221651474995,0.707655043556405,4.27099374457555,5.65954071953424,2.61614953407327,108.941460512887,308.891735942992,4.31945938444666
2010-04-14,0.000424015116681995,-0.323216598568843,1.64345563633754,5.41557262673063,3.1783091931943,153.006653912126,295.679480041542,0
2010-04-15,0.393612692466994,-0.428387548054084,-1.3296840596688,6.40729623126644,1.87476890437334,119.857363900822,293.967298088857,0
2010-04-16,0.529677109812978,-0.503992811437165,-1.99390288794351,6.28460058077139,2.23059712861871,237.142348463867,255.594874724053,0
2010-04-17,0.0153702022024759,0.98277116093801,0.202892028278604,6.91970985747165,0.986276952495215,234.93308197091,267.2602587733,0
2010-04-18,0.159530200294465,1.65143886894219,0.410040557347054,7.88441560647228,1.51456979115678,180.602749451507,273.891736809953,1.06801672758695
2010-04-19,0.38882530429518,1.09422478492455,-1.18359556701204,7.39754024792159,1.4998629939193,243.778288731553,239.314237108095,0
2010-04-20,0.785546608245282,0.0804250297804914,-4.62769540218336,6.1315236903779,-2.87857149479318,211.925050121456,247.54543839665,0
2010-04-21,0.326411047011027,0.904847359461487,-2.24387999983191,5.40243470679252,-2.00236967896452,217.308523819896,247.54543839665,0
2010-04-22,0.246243127500747,1.11888331750412,-1.38589087748457,5.85534677084099,-2.03598483144224,237.013748588225,243.882195026211,0
2010-04-23,0.650734632993301,1.09658615184881,-1.55640224170205,5.23199871787881,-2.52492026059149,222.997478307513,246.447603803328,0
2010-04-24,0.966888879120223,0.0823977557890075,-1.88168911228659,4.61673070424388,-3.95478440265386,249.504117234781,233.405392672638,0
2010-04-25,0.373243279043934,0.434779811994461,0.257086034507083,4.37182715489263,-4.13231845597069,156.665815157774,279.711254376761,11.7338776132553
2010-04-26,0.236439564122626,-1.96947730088674,3.03799152585773,4.63976859301909,0.468768474089604,149.283137768954,296.491376695827,2.801057197496
2010-04-27,0.85609796166383,0.598719619311494,-3.3162703599258,5.80698154920537,-0.340334814803583,249.212434586962,242.215195915324,0
2010-04-28,0.684136456173212,1.8057655960844,-1.88770755405267,4.9758506769993,-3.79168784805226,186.347464587598,268.261594811785,0
2010-04-29,0.228546149069486,1.08641360208343,-1.92578842309388,5.57586417282068,-1.82752590323984,259.185121383709,243.905764532166,0
2010-04-30,0.603320456238004,0.484274125680546,-1.09606964543262,5.7626238165634,-1.84412772168423,256.144415272525,252.410492568833,0
2010-05-01,0.957714225886812,0.877728050819618,2.48107693668257,6.35327927637753,0.917247960782698,158.878135618438,297.055020345524,2.44216678181759
2010-05-02,0.688371524228454,0.662727531661911,4.66974741871424,7.21096479241308,3.06211609781016,82.2547594172064,316.561231585032,10.9649066993883
2010-05-03,0.781724898628785,-0.403104209427802,4.16335767238865,6.62674978688998,4.21571368680887,149.611391764595,300.906970107625,4.38590112930537
2010-05-04,0.58108465636443,0.874524304488959,3.02021246709726,6.86809140547027,3.70958903435928,270.602144968905,262.768125861008,0
2010-05-05,0.99746158190652,0.751826441528713,-1.59680013282713,8.79101581166305,1.05662486542225,286.313474797553,247.731268854934,0
2010-05-06,0.949140733304611,-0.287482099225962,-0.465524623228373,8.34778448576342,-0.292543130834291,288.309029281966,257.773821931547,0
2010-05-07,0.738870143721574,0.655090840161511,2.24414671195888,10.0483760235187,3.13180146975732,281.975987505093,273.486695979385,0
2010-05-08,0.969752277307261,0.443303900790722,1.11934743339356,10.8274928903142,5.19705835981157,232.758599913001,298.213703717803,2.08889834853183
2010-05-09,0.601749787050113,0.0797772170501591,0.0639865382666961,12.7760980430162,6.06020547774794,115.253560301532,348.443273789619,15.9335509919782
2010-05-10,0.578976562078859,-1.41335310576684,-1.95028005544288,12.7760980430162,9.15486338118816,109.881795678266,361.392034940713,2.08404102088234
2010-05-11,0.918633383790356,-1.46899138606362,-1.89303517990242,14.228885815723,10.7038580155873,82.7162925342585,368.095682564969,0
2010-05-12,0.749269660204389,-0.573756793635318,-1.66827798469374,13.8244746811983,11.0772201650952,65.6252932095868,346.350193394054,3.33047440487329
2010-05-13,0.142709735298879,-0.303536336964257,-3.67748283771393,9.05576416543902,5.75111923858096,250.527736019093,270.836470965238,0
2010-05-14,0.667337814858943,1.57111535904028,-1.60719799768002,8.48710657029465,-0.860573334302344,306.257863079319,245.817985513791,0
2010-05-15,0.996276297976297,1.44349749949459,0.183678239863547,8.54713194337358,0.357717941724542,298.233644263186,253.092155985193,0
2010-05-16,0.943292888665877,1.10657986639271,1.79011946846538,9.38400452797212,2.04391027267396,296.24105994688,264.841898600621,0
2010-05-17,0.95957101611619,1.34721631932668,2.34740187963452,10.6741576023588,3.89367026432533,271.170549725223,282.99897410321,0
2010-05-18,0.483868616256915,0.508022035731341,2.13693078707362,11.2791484933756,5.09375713640026,301.27479307203,282.607550691258,0
2010-05-19,0.757660830910465,-0.978526527102108,0.972309909486337,14.3803179216588,5.39735307128184,304.450701937719,287.744621468181,0
2010-05-20,0.85814979178959,-2.75192905321601,0.452851484087556,15.6816992852371,6.18319658286866,310.695691366309,284.990594291754,0
2010-05-21,0.551941559908605,-3.10761584165274,-0.0394068383896563,16.4281459410327,6.88097514292425,307.785377505364,282.378266291952,0
2010-05-22,0.853888029008295,-2.31745791437781,0.166867100712603,15.018992299198,6.23769866313631,304.450701937719,284.902484046909,0
2010-05-23,0.608801077062236,0.214438404810698,-0.103803832011719,16.1375148821311,7.09953106693612,291.250379349115,295.779640932252,0
2010-05-24,0.279269492467381,0.111802786277121,-2.48750318658452,17.1418153449213,6.55440848329482,302.187567304352,287.584940542044,0
2010-05-25,0.113434357867072,-2.03250416659615,-2.33972973364246,13.6644684250552,2.06297967579756,137.127673421859,315.063994442353,0
2010-05-26,0.356018277877429,-2.34758590515878,-0.912665466569088,10.2929380531098,1.84299424591906,213.319083209121,298.269254195172,0
2010-05-27,0.054732899886116,-1.03875098029758,0.907674806222373,11.6983550399498,3.19278911323685,267.508783206066,283.891221687161,1.2378736396103
2010-05-28,0.00100562876002766,1.01240181037767,3.11770578678181,12.2452950544832,6.10461908732155,272.207915434737,285.530727725224,0
2010-05-29,0.000457431269579921,0.673557832956159,2.92589244774471,11.880669629857,5.6778597517988,173.913951822695,301.025878275433,1.74513859542572
2010-05-30,0.0895593300368809,-0.591626371351119,1.23961965446464,11.8375948484843,6.80880404761135,220.732413316485,300.436466456332,0
2010-05-31,0.0760071396967048,2.50941079651364,2.92291161188521,13.1189852330357,5.07060033950374,328.014965561008,259.561645881276,0
2011-02-01,0.955983224814792,2.9359458319261,3.29456036622543,3.30071104738013,0.932166318479284,39.3311335679336,261.213805485405,2.41110972108431
2011-02-02,0.859205105643166,2.47248617222334,3.63986971198266,2.73129607692197,0.0253503850420926,39.4658369015217,250.521423371128,0
2011-02-03,0.193838824531588,3.26018985311609,1.90424014754454,1.86046266864505,-2.79160739113555,39.00412929431,250.820854337799,3.33663371542863
2011-02-04,0.705793009903907,2.11701478322815,2.43594531111099,0.847657049238189,-2.72253139080086,26.2727872894295,288.576829110458,5.8606460582773
2011-02-05,0.986387175631443,2.87405172338989,3.87648518822866,4.23042397596067,0.790034692201543,46.8593007891971,250.379223930426,4.11010338723359
2011-02-06,0.711232623448792,1.30768729168453,2.37887740657506,2.2404071184256,-0.969516942893256,49.8708927247519,256.935024898374,6.47689430435939
2011-02-07,0.710691547411017,2.02130195052664,0.518570418440024,1.58519088105312,-1.71122466004987,34.6721858341045,273.390582611462,0
2011-02-08,0.399392176461204,1.26105050472271,4.27099374457555,2.63661175916834,0.802362084342188,35.613417137813,279.758799910529,0
2011-02-09,0.53741027680693,-1.75720713552903,-0.473048501227361,1.35367088765959,-0.46777955772642,22.6548981951531,304.720330524767,4.9923644937955
2011-02-10,0.304538647135037,-0.571887323668136,0.821972679658401,1.58338274055871,-0.100939089552703,37.5737660945242,288.971205103324,0
2011-02-11,0.596782117182194,-0.0940391447541749,0.145319946896622,1.33487781629574,-0.490135708936514,46.1258267707384,272.050129272032,0
2011-02-12,0.423728209599049,-1.81078090180251,-1.50439213100076,-0.254530424239177,-2.78823216325186,24.3401151552545,292.523885411286,1.51068391656587
2011-02-13,0.916961464727696,-3.448037783616,-0.44936594223808,-0.870444777956544,-3.53355055158312,24.1075907457411,293.725504166014,6.29380285156983
2011-02-14,0.99356476006586,-3.24598507585311,0.356941337465075,-0.50766209174682,-2.79160739113555,26.6308267157929,291.295573282294,1.99971587154995
2011-02-15,0.883858260686792,-2.79770975492434,-1.19357344427604,-0.254530424239177,-2.63632842090634,32.2731822801021,287.882153152217,0
2011-02-16,0.700600637412082,-3.43016725280289,-1.95674496227772,-0.077010179836424,-3.0860455276215,30.1866288127712,280.709624793913,1.44392478858323
2011-02-17,0.682297379077523,-2.48990721216687,-2.13158955756028,-2.24907193887059,-5.63784079397333,76.4344505350774,206.781781884602,0
2011-02-18,0.623888176279522,-0.748923176959288,-1.06598492755535,-7.02029534089238,-10.2370431032694,76.4139430599339,208.66353701295,0
2011-02-19,0.912997821345524,0.842278801294465,0.236612642924319,-8.41150949007901,-11.2457038583138,64.376999144435,242.388127249185,0
2011-02-20,0.425911195877329,0.377568910774369,-1.80747028804556,-4.79946049579709,-8.35375365444341,78.944253518945,230.287402945031,0
2011-02-21,0.835056586116128,-0.402335595179187,-2.17872100715035,-1.56254784622366,-5.31483102390632,49.1111391882276,263.241448346897,0
2011-02-22,0.581362814425739,-2.03726944728391,-0.611491403524384,-3.83210596390785,-7.06515522784484,67.1141686511548,223.007593151861,0
2011-02-23,0.964193492603595,-1.77548357710463,-2.0784798744052,-9.31135731607391,-12.4772310387434,92.502201083231,188.91700686344,0
2011-02-24,0.99453882274201,-0.0229623721987804,-0.448505738900738,-10.8769922869505,-14.104073374685,86.6298782366723,224.257097147256,0
2011-02-25,0.827633027415798,0.546609708680105,-1.62474270986176,-5.7680026667783,-9.73648158764137,93.1223803667111,219.62262013689,0
2011-02-26,0.947373044481141,0.00270113326467421,-1.97987588010989,-3.9553300717734,-7.94146962681813,94.1534256129497,236.431780605174,0
2011-02-27,0.546836319196654,0.637797579867883,3.11624839606169,-1.38250557275891,-4.51023796530384,46.3149276699986,284.623743481124,0
2011-02-28,0.262879842368131,1.57449003132532,6.20088919306395,1.86694749114681,-1.54732052717251,69.8263222438273,260.434872839761,0
2011-03-01,0.75389837777751,0.618966853744555,4.08986074107982,0.446037383684851,-1.98637221770668,81.0651280844139,250.132976886147,0
2011-03-02,0.223415058965603,1.70148745569141,3.59005713389228,-0.201631380475143,-2.82181531401338,95.8620550578328,258.418506400407,0
2011-03-03,0.226264957087111,1.41275455810171,1.81678390371821,1.78734744640793,-0.926845774913668,102.056945489815,254.019826828485,0
2011-03-04,0.869034279015097,1.96570338008978,2.70060768874789,2.28590625406546,-0.367018230022731,106.447018366455,255.780900288206,0
2011-03-05,0.976045111288071,-0.281394781571365,-0.0270578274094153,2.280437614498,-0.901376250562442,45.9611018448506,294.934270679376,0
2011-03-06,0.864573301721279,-0.190372312488062,0.53242573556652,1.89545119012914,-0.469540036145374,82.0994208296589,265.905527124724,0
2011-03-07,0.924839108469993,0.925777541235903,1.49461262480678,0.896531737719906,-1.5860494109542,85.4823483116168,256.375105627316,0
2011-03-08,0.299243827678861,3.20886657869397,1.99553475714055,4.50283962764609,-0.252323549605437,125.528930245472,222.670154650771,0
2011-03-09,0.232476638214683,2.81941023089004,-1.09258678605087,2.07364845923324,-4.46198162625052,122.727740368843,229.315584427218,0
2011-03-10,0.863665332234148,1.78207345110325,-0.961029964330689,1.02055123278837,-4.67308744412171,123.341020518906,252.226190213745,0
2011-03-11,0.578976562078859,-0.223681591811834,0.131217777058516,1.1179280359299,-3.81845695084261,89.6021659264236,256.862084380219,0
2011-03-12,0.807573254545745,2.04222177714341,0.194014014330497,3.94384558531454,-1.49940405330851,134.406900878098,231.475924433646,0
2011-03-13,0.576502117482235,0.0622916401734068,-3.81186205410082,2.82824180636851,-4.10537207837974,134.699123394152,229.790808321072,0
2011-03-14,0.550887777105913,0.447325369555618,1.16133307802417,0.337514815661348,-3.55370680192116,125.261634138071,248.5025429998,0
2011-03-15,0.3419497243592,1.06857820004547,2.15402219445216,1.05549763694669,-1.59540646963648,120.030162002477,252.547317538678,0
2011-03-16,0.103311428201676,0.979835308453284,2.6380739066425,1.19811580916244,-1.35123424678943,140.335312164398,243.361106482225,0
2011-03-17,0.591203152772494,0.360603342183717,2.52455363546401,1.92642153445653,-2.00862172688266,132.965040943422,256.375105627316,0
2011-03-18,0.210362811036852,0.323433270377522,2.95341214703819,2.42058820941589,-0.839199631479507,117.308837528728,285.317960740991,0
2011-03-19,0.482890494632547,-0.637223300210303,3.59005713389228,5.47861334353937,1.65327448381952,25.7806109501925,321.600271927866,4.70059361161588
2011-03-20,0.230713530279289,-0.697831289608545,2.10957641741705,4.98617645575846,2.66620635783991,83.562490014286,306.303106742868,0
2011-03-21,0.268746212460286,0.533121245163018,0.575874014103433,4.38772437492881,2.28457866407179,147.463544200288,267.40083133557,0
2011-03-22,0.826306266711726,-0.0271275117168581,-1.09213093522979,4.63976859301909,0.607784631511283,159.356210602867,245.661206842304,0
2011-03-23,0.832672056035632,0.41338999837543,0.452851484087556,3.81624407296997,0.0505840715677389,147.747929086912,257.931384675473,0
2011-03-24,0.350579543866679,0.688254451261795,1.04835080987621,2.56845647593799,0.0802787386190297,147.173476830186,258.954037509313,0
2011-03-25,0.961882434711231,0.665609565172695,1.86479181351901,2.47636966908501,-0.633452292381253,116.006387802895,274.275926751857,0
2011-03-26,0.978784190905052,2.03696611525066,0.452851484087556,4.94021670668948,-0.0673111736793793,176.847058225599,233.449838666151,0
2011-03-27,0.98632287370478,0.398195726700617,-0.917292836853353,2.22284887887085,-5.13141926778316,168.999357638465,241.111442707653,0
2011-03-28,0.352626661417214,2.04222177714341,3.49135720508634,2.67450910172197,-1.54732052717251,169.911915444936,252.438721480885,0
2011-03-29,0.999905080716431,1.91141082630973,4.9432388190596,4.42765784627863,0.800541723554002,43.0025157139966,324.09968413113,8.42697103825049
2011-03-30,0.585974130359366,0.36153123702681,5.41068068145638,5.2788762329262,3.12225178990743,125.796890951993,280.281052593084,5.05382778488909
2011-03-31,0.994095306571949,3.20917693319746,0.452851484087556,5.50467067883414,-0.51254919517474,185.287366311306,231.809366216773,0
2011-04-01,0.967718340950543,1.75199172181765,1.8317246361614,3.63592947455702,-1.70469342227132,183.15418802064,258.638910291355,0
2011-04-02,0.610227374700728,2.46095563353494,4.00998726117434,6.1680393929843,1.58558182394181,119.86942338431,313.586310733155,0
2011-04-03,0.192337438586104,2.42348070557083,4.87429507145269,8.59893559387709,5.66483728746005,172.814336650728,282.658646452208,0
2011-04-04,0.301403822236489,2.94029458092994,1.84815804391792,8.61690908869342,2.28385435621036,201.247910636082,246.641883248138,0
2011-04-05,0.231566686914762,0.29830407505043,2.0617545283943,6.86548205343211,-1.17291696718056,72.7204785504083,304.820894942735,0
2011-04-06,0.0956845676660291,0.742086950948758,3.33194066670532,6.85744474541228,3.85970587629276,113.922427267392,311.842632272508,0
2011-04-07,0.916667172437321,0.0087725685483082,2.00851559668944,7.11450059029678,5.02096856620319,98.8966436036802,328.055961237181,0
2011-04-08,0.999905080716431,1.56817752832189,3.67851304859391,8.10887887783586,5.67160986693571,180.999630697748,274.40641708717,0
2011-04-09,0.975656942171547,0.771238489812856,0.951322975760845,7.74818149187847,2.98284380772646,207.148457643343,262.382491579043,0
2011-04-10,0.948101639223546,0.384995001269367,1.93845354657299,6.85744474541228,2.26318536108517,195.121980400421,265.177844910523,0
2011-04-11,0.452757019940413,1.19925378967682,2.92589244774471,7.45924403439071,2.84711555425129,186.940698310517,263.504934720631,0
2011-04-12,0.912680297447753,2.11945239594959,3.4603499579571,7.89288231181694,2.18153344785249,167.300986128963,279.82350904163,2.85104914209488
2011-04-13,0.77725926181339,1.55806504553419,-1.81098227303585,8.45019599491669,1.87476890437334,231.156164662845,239.688088404049,0
2011-04-14,0.999436969336376,0.0176121863249716,-3.98506061115581,6.8261584943443,-2.60307052724167,228.369883647413,255.633852365874,0
2011-04-15,0.823766225722908,0.599754831219806,-1.64256573801327,7.0220947270499,-0.630547881319652,147.919455461233,295.296619484294,0
2011-04-16,0.693339923231026,-1.0659644956095,-1.97565656912207,8.55543664679511,2.09736808154308,230.309934968102,265.796922473046,0
2011-04-17,0.9993652895995,-0.0437518314060887,0.625512693897847,9.27218901867906,3.30862240555333,234.93308197091,257.899998992035,0
2011-04-18,0.771427500347559,0.855748163291242,2.10957641741705,8.04946893666239,1.59766384357771,228.204164017068,273.649434305605,0
2011-04-19,0.976865135173519,0.262748649198781,-0.187289713507614,9.38400452797212,3.26902677470101,147.741332925585,306.613573707243,1.25048267988407
2011-04-20,0.888664515610322,-0.673035309438264,-1.95674496227772,9.54141554805589,3.84591876398167,237.272266991567,260.797507806559,0
2011-04-21,0.764583395568679,-0.391247465012789,-3.74685037962148,6.54563161049623,-3.84666399872293,234.20665156387,231.791685564244,0
2011-04-22,0.56561233997328,0.238888581777567,-4.11494137556116,4.25143656767278,-7.36783836017328,230.853949682903,240.625376223087,0
2011-04-23,0.345924373802865,1.38393956408577,0.319165481034506,5.57586417282068,-4.33003799803456,132.095069021073,297.639708211839,3.64470368873292
2011-04-24,0.229371841498152,3.58725317239352,3.88101856232633,7.46409272700373,2.54306265317422,210.810063417544,258.427511491885,0
2011-04-25,0.780588096956737,-0.73116728308553,-2.86168187864146,6.18724478184736,-3.29661709876006,269.909442091171,229.875928334804,0
2011-04-26,0.992590153217206,0.309254419754616,-0.0270578274094153,5.31272864317277,-3.53355055158312,170.588652315583,295.704708819433,1.45475258481591
2011-04-27,0.491423705486343,2.48631963534397,3.51047847868174,6.94885869686681,1.88886877104913,232.003567649673,277.323810011854,1.1892551521368
2011-04-28,0.569024343808691,2.90601000357941,3.47287642856401,8.48710657029465,3.14004855816745,246.951176877193,265.567711370689,0
2011-04-29,0.803698528658038,2.87405172338989,2.91134238133108,8.90395716464568,2.24274620597687,220.835619625525,267.404649363638,0
2011-04-30,0.951602131400128,0.237930013393614,1.75120463237375,7.5370147045253,2.65821013058456,120.3044300268,303.118303047118,7.43240352741666
2011-05-01,0.839007763345164,-0.359492136962481,1.93492289103066,7.46409272700373,4.87742764471162,184.054653910575,287.97899728052,2.70770152789867
2011-05-02,0.474670989072426,-0.0421446447047418,2.44993616015584,7.82556769924001,4.05869717413376,188.662939828011,292.584159445026,2.7049699670447
2011-05-03,0.55493546091893,-0.465157039569253,0.251376945483687,8.10887887783586,3.89367026432533,179.993075431019,303.928616398561,0
2011-05-04,0.463771630539568,-0.686214908323177,0.341863667998926,10.237237347429,5.33185816921932,116.711865390902,320.629437703949,2.46879698146147
2011-05-05,0.974226223092293,-0.697831289608545,2.9677765713819,10.8465868808418,6.88480276483133,48.3974067216577,355.843577567099,8.246804803977
2011-05-06,0.999905080716431,0.112259334200262,2.86057480354404,10.3946239215845,8.51346660078896,266.918914443578,296.504257261112,0
2011-05-07,0.987356934577133,1.36585045525838,3.94671644316229,11.7645048592462,6.16736136056734,121.699672869043,347.190444873167,2.95644577025653
2011-05-08,0.8842556551133,0.987819614220772,4.5151211401166,12.3396372261627,9.13093728415064,117.745388325146,318.890222240832,4.15561938600961
2011-05-09,0.568286048319806,0.960963108458578,0.511000826334436,11.3041393186749,7.20179660305869,236.531184519842,282.64435449602,0
2011-05-10,0.42472336618297,0.775704328561453,-0.822926560694927,11.806600149241,4.50019563685275,277.940471639364,280.411596009519,0
2011-05-11,0.38828260367329,0.244003624951791,-0.525257570865952,13.2045242268777,4.14655519647817,273.287464759399,304.718744544226,0
2011-05-12,0.934432591044888,0.299292511512729,0.228706871732049,15.7454999633043,7.04148798866308,271.300176908318,294.224050202135,0
2011-05-13,0.557171873638718,-1.07822766392566,-1.37641447619888,14.797015124361,5.23678714650413,211.771027857389,300.791308059231,0
2011-05-14,0.191919304276624,-0.143726449612661,2.3873273388077,12.5002474665471,5.6778597517988,159.98126059638,317.933315112563,0
2011-05-15,0.465732495045886,-0.0589208962825403,1.58143791484877,12.1615770074106,5.79469152782714,95.1506377233326,329.308311778277,0
2011-05-16,0.558061586546193,-0.475224277519809,0.859406958594709,9.57319591096397,5.18735485716655,65.6037615545644,329.578315660409,7.34483507044543
2011-05-17,0.698372533430926,0.0818264182769294,0.239192569789161,9.5843969079889,6.94562226975174,223.350423917501,300.24331627437,0
2011-05-18,0.568319289054195,-0.352438326049334,-0.651980717882624,11.9729078392895,5.92177306587406,194.387326012344,304.694613739023,0
2011-05-19,0.762068818069761,-0.0369140202463687,2.57940075864882,11.6897474259947,6.09715318763125,180.775009763591,315.339483806179,4.73962068992853
2011-05-20,0.463244792327287,0.863017760794136,3.38029352700916,10.4551001763818,6.560510038494,155.561119474149,321.250629888061,2.46065425908299
2011-05-21,0.399065585363426,0.96459722128631,0.580025501169519,11.1098850168384,7.20179660305869,270.710139799609,292.523885411286,0
2011-05-22,0.52147522100877,0.170212644238079,3.2023148526722,13.0924735846451,6.18301168205215,135.959507415204,313.548454066069,2.75234879977027
2011-05-23,0.597639645043637,0.283287477966773,4.41125023169591,12.2055190737605,7.94618427930702,238.463242295834,300.031120468392,0
2011-05-24,0.94848392138037,1.81413324822196,3.1276352660705,12.7933920848468,6.75920263424112,290.049001626192,287.051228915718,0
2011-05-25,0.685707479773214,0.285138067467747,-0.950455222973004,14.8820403039745,6.29797567048375,298.81847423686,291.54459164059,0
2011-05-26,0.432334804104058,0.0777471449220231,0.739347310409759,16.4052013151795,7.80807325493511,315.519918546956,282.705935149341,0
2011-05-27,0.751297733109336,0.750221345171131,2.65800755938053,15.618320700124,6.96511627714645,322.349629995694,284.917150501952,0
2011-05-28,0.77425654515114,0.42749333478882,1.7611577922785,16.1342721071687,8.48012467739021,326.60076801138,288.83568711096,0
2011-05-29,0.99662339337404,0.38727663649682,2.04498226965024,17.6138778422831,8.4488978352375,322.349629995694,300.783761811697,0
2011-05-30,0.591203152772494,0.194378344097049,0.869812484552166,20.3810284146459,9.82226013364736,326.60076801138,298.607126256336,0
2011-05-31,0.519500493193839,-0.442063001300533,-0.842795134321125,20.4503193284349,7.98926318690385,280.298501603737,315.783521598352,0
2012-02-01,0.192615063068189,-0.887683748127218,-1.13876743219562,-6.74026969319486,-9.71207541711036,33.4396159756017,237.919755072882,0
2012-02-02,0.450957588678663,-1.20177237567257,-1.82976204629795,-7.7044115631747,-10.9741831431787,44.4471669554005,191.316214541148,0
2012-02-03,0.795270912143853,-0.97840293816673,-2.03585746672368,-14.0921648977758,-16.2703177670291,41.4044943999015,209.643011877305,0
2012-02-04,0.951920224384801,-0.630417404847598,0.425723018644272,-14.1293903946953,-16.4476305187516,30.0638256410344,258.746263993947,2.06370233185552
2012-02-05,0.988099283675258,1.55962363148453,2.62881747394459,-6.05107150987767,-9.46131597346385,44.218325058047,238.5382467907,0
2012-02-06,0.831700376201243,1.56067950591429,3.07064472905282,-2.46527060791433,-5.41801610697347,32.510589847256,260.007649188993,0
2012-02-07,0.23468965122562,2.33598577514778,2.59233182868099,-0.535908030507843,-2.92452382036736,51.155314803046,246.375385457763,0
2012-02-08,0.660925251512484,0.379668672486982,-0.8314771172595,-2.54741552241849,-6.02245548312468,38.7074731900141,251.744239710505,0
2012-02-09,0.136620114838595,1.16039961564267,-0.167687144179311,-0.902993765254866,-3.86045713154793,57.0788155428948,221.181093275217,0
2012-02-10,0.065449394670348,2.09557425873789,-2.06575786920084,-1.22385486179293,-7.04603206659837,55.5999472542551,234.72336856861,0
2012-02-11,0.642591654689205,-0.792483842445833,-2.4160552111252,-1.07555349230953,-5.25727053463735,53.5679305426752,208.024361447866,0
2012-02-12,0.954762560814286,-1.30215237729899,-2.16911536247469,-9.2687111472226,-12.4738873407239,57.4849600531615,217.76671246422,0
2012-02-13,0.642375867912607,-0.149290916305809,1.15719830240896,-9.83483877702192,-12.3841381464611,29.4906393659388,280.57245901243,1.88242233051574
2012-02-14,0.228777686370903,2.22090983881167,2.34185244884385,-1.63844870157011,-4.10132146268249,22.6472795647883,296.045467520425,5.3822959222165
2012-02-15,0.90437164205025,2.02446187328965,4.41595927440781,2.20201789091644,0.652020016268107,44.0313334615778,278.134440087463,2.92275840511669
2012-02-16,0.967565957256049,0.821833204979406,0.743484543995473,0.747505899596067,-1.08272810795168,43.1148094099472,269.895652345057,0
2012-02-17,0.878928184396212,0.417413527650391,-2.21462262806403,-1.86558036107175,-4.9402806481088,58.5991180629906,233.449838666151,0
2012-02-18,0.356993068966463,0.433784479547079,1.04319194986239,-3.65635521452889,-6.68035505006084,28.2334042448407,286.367324124515,2.99583981634701
2012-02-19,0.3419497243592,2.39993964474285,5.56474759236487,3.34472189048893,1.15567641003042,72.9110184939202,252.631430535317,0
2012-02-20,0.777689018087422,2.97211295059073,4.0890796448913,3.49560366383693,-0.368325997898693,29.6683656003644,282.644227546509,3.45726348743439
2012-02-21,0.469466166254549,-0.890281336302715,1.75193295652557,1.01557359975355,-0.789143808750935,61.7312798106875,252.789752308471,0
2012-02-22,0.311994656234617,-0.567179456577974,0.2444440330279,-1.31606469167395,-3.45933213499494,68.7088517594329,240.625376223087,0
2012-02-23,0.154035104049931,-0.0564488923461643,-2.57540999889664,-3.80826448168867,-6.87920420741591,28.3734476065679,295.062534564547,4.39053444892731
2012-02-24,0.275636030287097,-1.41958799010861,-3.31405638975344,0.710442025999571,-1.83809303484289,50.892084977938,275.634356901562,2.14492069409552
2012-02-25,0.185898231806992,-1.48288784576811,0.583289082957445,0.354166232797778,-2.10629284175546,35.613417137813,274.985976957879,1.54418030916212
2012-02-26,0.212107665478801,-1.87671918082714,-0.356776278291284,-0.756280789349712,-3.00064652000232,47.5471032426446,262.763893919781,0
2012-02-27,0.091552099756231,-0.918088173068936,-1.67195291261734,-1.83218310329046,-4.81345196228022,95.8457767231525,221.783554912996,0
2012-02-28,0.482925100009049,0.0566900336269304,-0.590433800998928,-4.05532287981493,-7.63617061721481,79.0117686318009,240.814335958931,0
2012-02-29,0.124431532272536,-1.72191349441728,-1.42155699703064,-4.71476892008855,-8.06507657297153,87.139133901689,229.52756668207,0
2012-03-01,0.0725732020005981,-1.03842212695581,-0.729297541193853,-5.24080310315677,-9.51627193448168,107.773466095978,198.111686931236,0
2012-03-02,0.126033927619644,-0.173981012204754,1.40471957616445,-6.88141151073991,-10.2286894083532,42.267181891326,262.980428300005,2.89375308684495
2012-03-03,0.376427627545101,-1.19376331988651,-0.257394965604154,-4.72028083900804,-7.06515522784484,43.1142108238984,289.799893343422,2.15181939294648
2012-03-04,0.432334804104058,-0.573213685250746,-1.68896068512508,-1.63102993078017,-4.30015170218711,67.5798583558844,280.06206579473,0
2012-03-05,0.611747676808,-0.0584119016243642,0.319768314540801,0.0555876788549383,-2.57783128649357,29.6392949853481,301.427592591187,6.66365174142316
2012-03-06,0.720117448306379,-0.638273755275656,-0.743447795115755,1.29126172133768,-0.323238026254572,114.302032094209,248.455691196721,0
2012-03-07,0.85366922151834,1.71337110757311,-0.355599743649618,1.19957025374073,-2.60708848046379,121.306115383204,232.528889888962,0
2012-03-08,0.991909129974835,1.5238516608225,-1.04291348598993,0.535298377743336,-4.58934913211587,87.0786684336611,251.987711720054,0
2012-03-09,0.916961464727696,0.427664558042609,0.546165442148544,-1.29243075580838,-5.0953518017685,70.5880632875653,279.033610899149,0
2012-03-10,0.756897325481674,0.924260418363758,-0.842651186237192,2.67450910172197,-1.09620302106574,105.925797092827,259.283540575965,0
2012-03-11,0.553644545890662,0.484985393848765,0.770182712178952,2.93517194135853,-0.621983253744723,72.8679152751042,267.914025910095,0
2012-03-12,0.20469805560055,1.97788236564281,0.251376945483687,3.47545284986205,-0.357895991786081,126.805855391167,264.676442152321,0
2012-03-13,0.0506337434264928,1.48972011995069,0.431575836011959,5.21205069932451,-0.0296847103204663,103.59160763132,273.294580987516,0
2012-03-14,0.99198491221057,2.22090983881167,1.20595161316987,6.33496243820089,0.915839602662085,135.675388297039,231.849128949617,0
2012-03-15,0.794238456467327,0.169180237939237,-2.25751746884044,1.74700932203948,-5.09093229041555,140.417193339965,213.596027004747,0
2012-03-16,0.812570860095559,-1.13050635341307,-0.571072771004129,-1.69076304704634,-9.35282136797963,145.059095818866,216.758756841661,0
2012-03-17,0.986387175631443,0.905282511387598,0.559827824312669,-2.68385542963066,-8.88076320502976,147.091549898765,224.47985889412,0
2012-03-18,0.979834855623345,0.91526007434421,0.587671710300095,-1.32212960900985,-5.72784879901701,145.558421368565,230.214049119688,0
2012-03-19,0.876130931894127,-0.093598971546909,-1.74073250690584,-0.948438618173351,-6.65425363826045,161.977732391938,197.387863769578,0
2012-03-20,0.0568827187928933,-1.34387077583255,0.597455585915595,-5.08770388187525,-12.8561082681556,120.464840931785,242.117698792286,0
2012-03-21,0.0200205354071009,-2.33383991965894,-0.17048557457642,-2.46527060791433,-8.69997628243645,126.725025481146,244.913297145553,0
2012-03-22,0.80055186656929,-1.09622119403498,-2.25356495673252,-2.47597005561238,-8.45895344624903,148.957389161322,219.118304291973,0
2012-03-23,0.999905080716431,-0.795676313895379,-0.105730942759931,-3.39301655551745,-10.1316358306356,114.721490593337,235.597288813241,0
2012-03-24,0.441077150243122,-0.977913296796518,2.45292426399721,-1.93928931894261,-8.82884410437841,68.4857090546193,259.82621074985,2.4058851163
2012-03-25,0.054732899886116,-3.35596053471225,-0.433586877598742,-1.89371520420686,-7.1920472351653,137.118549854608,230.050259710009,0
2012-03-26,0.0749094726783372,-1.60966631025923,-3.0128105021824,-2.51505519746532,-9.29511838679708,179.472685484788,204.739905618246,0
2012-03-27,0.203135016690781,-0.172698909020125,-0.6592506783116,-2.54080328950147,-10.669430546134,131.265695975554,245.897275926629,0
2012-03-28,0.000562158233708385,1.02499085610354,3.1669841102715,-0.509107111023062,-4.89396241428397,149.113206935793,242.018197242478,0
2012-03-29,0.435545324670762,1.21149119872033,2.39478599651598,-0.430312629895855,-4.77082498690697,122.952208783377,260.116548451104,2.29362619410572
2012-03-30,0.979982242276117,-0.185775282356067,3.76511166408765,0.201720496688191,-3.15608456585998,126.812093037663,265.262966646121,0
2012-03-31,0.988703283106852,-0.979315770292525,-0.00829220068786735,0.372246066984465,-5.69831671835288,166.023676321219,243.83911065151,0
2012-04-01,0.609084248418556,-0.236418301510554,-2.8489976517954,0.424976802893861,-5.34732979813556,174.983987493267,233.247501427797,0
2012-04-02,0.769300775693923,0.457633507333664,-3.10034704857816,0.561935143342011,-5.83301418808716,202.454116146527,216.144724025923,0
2012-04-03,0.584268450119993,1.14186579333655,-1.13213276551139,-0.442983516320729,-7.1920472351653,195.069548370547,222.433684391528,0
2012-04-04,0.13500254612403,-0.13689282616345,-1.62348388876789,-0.884006565248571,-7.13253179010305,206.167023685855,217.785077014343,0
2012-04-05,0.232468917952792,0.285138067467747,-0.103228073793687,-0.503205722155455,-7.05508223449176,183.158598272719,237.046812251564,0
2012-04-06,0.000457431269579921,0.411701659076757,-2.12992921224131,0.912500014402789,-7.12281982125065,104.027878069371,285.177723321956,1.68077106447423
2012-04-07,0.0659311958088845,0.168768012526608,-3.81991086295372,2.37944969050955,-2.22483604309786,136.797948410001,285.317960740991,5.57908463913787
2012-04-08,0.148796242194168,-0.928209484000382,-2.4722774484086,3.08490335701664,-0.619538476825755,144.098162990174,282.377421813632,4.70059361161588
2012-04-09,0.64031810791387,-0.671555671606785,-2.09050685573904,3.11069565209009,-0.242669907707639,167.300986128963,264.479636267807,0
2012-04-10,0.513448123468616,-0.200653751732764,0.228706871732049,2.56240193431123,-1.7599343422536,208.876039150319,240.170035685052,0
2012-04-11,0.057036880257735,0.12676846955327,1.80084329094702,2.09996905184572,-1.89763735529031,198.057636557267,268.252893063295,1.00058133788682
2012-04-12,0.581362814425739,-2.12169275966774,0.202892028278604,4.07658736792661,-1.38617710144673,41.4044943999015,312.6459352891,9.55327970473797
2012-04-13,0.819237861317995,-1.21036132927254,-2.82857521243659,3.12572862381556,1.10674219853287,121.999222679515,292.584159445026,1.53133620626939
2012-04-14,0.510826024933609,0.328960945674626,-1.5610063661993,4.0595162540425,0.602734438110176,159.98126059638,281.426761269188,0
2012-04-15,0.423188089996899,-0.0481126610125506,0.926548290293391,4.79878122224728,0.758086170349203,96.3373865601787,317.328581683347,0
2012-04-16,0.483930130938717,-0.278603652176945,2.26276641202062,5.58457105026921,3.33208288032774,98.3072807920551,315.712272092211,3.11144976806873
2012-04-17,0.73468359896726,-0.263577879647836,2.55965412120977,6.88202108783549,3.52128467785906,183.799257548405,290.372973682025,0
2012-04-18,0.654839796207508,0.96459722128631,3.00070365804163,6.7236968967558,3.70485037101376,143.817204742285,312.216972676737,4.58492352364396
2012-04-19,0.982213730312123,1.91962363246095,4.58787759193287,8.22309954905889,4.07027146217724,87.9124861200767,330.972638868654,1.88025427482977
2012-04-20,0.988703283106852,2.52935484027324,5.63726391916041,8.45019599491669,5.53402341290639,158.240482741522,299.631147957014,0
2012-04-21,0.908164127909792,2.91299683045533,4.14463821482593,7.90676813781017,3.33591858664878,218.535120637017,248.452286854246,0
2012-04-22,0.883858260686792,3.03014221568551,-3.07746530951874,5.23199871787881,-5.8607633184379,256.651416100953,226.116502687087,0
2012-04-23,0.192337438586104,2.91411917604021,-3.96473003136736,4.56454346770681,-7.49447817857284,173.883002074255,269.742607514418,1.0957581616453
2012-04-24,0.712174757032342,-2.46248598250061,-0.877355386842168,3.99315452317701,-2.87059651087079,123.841963372142,285.526608494267,0
2012-04-25,0.585974130359366,-3.88465871010508,-2.85803855841363,1.92847641623539,-4.51063540046599,230.68005880837,253.410538521526,0
2012-04-26,0.750283564772079,-0.265022028366572,-0.978722969428774,3.10562521725594,-4.41695464969829,237.405489535075,241.347843055681,0
2012-04-27,0.717774325373927,2.11917619945282,-1.74665905432519,4.44675274764489,-5.40917588787621,223.433729680938,265.397098384611,1.14449610168681
2012-04-28,0.564705386692049,2.33402444921759,3.80024598152363,5.91755040459271,-0.109467092940753,101.530965671796,316.229480273761,11.3220127286442
2012-04-29,0.301403822236489,0.746933391235491,3.1984528859042,6.18724478184736,3.35638960825685,132.808380715286,302.557650794686,5.22292186731825
2012-04-30,0.76674402767793,0.310455913792472,-3.49111993677488,5.74821311132554,1.6135987290257,247.697672061082,269.802368698316,0
2012-05-01,0.92686177948399,0.56638363414636,-0.479711319447385,7.4871239825055,1.57017365567396,200.622775856581,282.642059099757,4.38590112930537
2012-05-02,0.999905080716431,-0.358391447334014,-0.403413169836789,6.74036559298847,3.49224193355997,242.17756924642,275.387701014295,0
2012-05-03,0.698107927997509,0.379421396223189,0.513901204521407,8.60322080417906,3.05377076268397,255.261039673969,275.042360639909,0
2012-05-04,0.393612692466994,-0.28467163118895,1.8155734728661,9.81009211503097,2.66858436643625,189.773662701075,289.324017788388,0
2012-05-05,0.555626365651393,-2.77506649087347,2.3582724517918,9.26483219211324,0.869905106890656,60.6031411218312,315.548224205364,12.2977727569917
2012-05-06,0.420612928204445,-3.69779717060217,0.0866176708821883,4.95936164154828,1.90352100144682,101.357376594973,313.317608081748,2.99789395599169
2012-05-07,0.849533433148871,-0.571887323668136,1.10277273373784,6.73177618316866,4.03762862940336,193.145453834835,302.397506952389,0
2012-05-08,0.638031516285921,-1.34427849500271,-1.07102044865953,9.86638377763706,4.85793273157264,238.464282383414,292.449149073629,0
2012-05-09,0.951444106954652,0.323433270377522,0.928747051789849,10.1731912363621,5.49013840560441,242.470443780003,294.106180454318,0
2012-05-10,0.76071595391861,-0.523097152671063,-0.103228073793687,10.9356876993301,5.75029718431098,273.324928649211,287.553618720735,0
2012-05-11,0.852982170545462,-2.03237490500989,0.0511665310673231,13.066909146828,5.33086731278462,241.826761085383,288.271874790799,0
2012-05-12,0.651912325401403,-2.33958196738515,-1.03612562959179,12.1678895214633,3.86919015832112,281.322298718168,275.903827377335,0
2012-05-13,0.994138745648376,-0.019178121653592,-0.0543738543207642,11.4334301155339,4.64198935683083,276.243180932927,281.519999986258,0
2012-05-14,0.991451674744972,-0.391055128250726,1.5493632112433,11.7855419522912,5.44982767874652,255.46711665771,295.348862646486,0
2012-05-15,0.902081456664232,-1.44776223340558,-0.334018794395541,11.598994303137,5.18657067885388,255.844099569258,287.013058655887,0
2012-05-16,0.867617837301303,0.255319903202602,2.9677765713819,11.3760900842228,4.94417678283311,233.746933024943,291.170703609801,2.25038453440945
2012-05-17,0.999186942741003,1.58940121621182,2.43446071177329,10.0775517963738,4.52880129991195,173.669941886155,295.014838484064,3.05319114687137
2012-05-18,0.983894321276453,2.14675706163905,-4.53529828631458,8.95963192167755,0.264079663884677,284.483001860184,262.029424764226,0
2012-05-19,0.750484503576734,1.6512682942293,-2.21817361553814,8.9778197229851,-1.98624889542258,266.615143390449,262.054952746753,0
2012-05-20,0.550863550853952,-0.331626653305735,-1.9555329866031,9.04259688599517,-1.99595828388065,281.703111407988,259.245456151413,0
2012-05-21,0.290887514836938,-1.42094520666781,-2.39037171523748,9.09312716178032,-1.81814348714097,290.049001626192,267.437607146531,0
2012-05-22,0.807517292249044,0.355992097238811,0.830670732853647,10.1713883732079,0.966021999699478,254.853998248569,286.810763528416,0
2012-05-23,0.957802434482284,-0.341846914027275,1.44141856361749,10.9729456214521,2.51627173811215,210.157064023485,299.070704667211,0
2012-05-24,0.969730271519499,-0.83450559913596,-0.785538658478851,10.225234138691,2.76615714051337,256.651416100953,282.078895776674,0
2012-05-25,0.989626303488497,0.850139355901877,1.11885301978737,11.2895282621219,3.18017185833884,129.110402096882,338.04181618213,0
2012-05-26,0.925099902673778,-0.0670038716425115,2.99659153102174,12.7704009165883,8.25566149646991,129.073667740858,323.464731996039,10.4843581777818
2012-05-27,0.922820836963959,-0.0358311502368295,3.95539250114219,11.6214095140436,8.51346660078896,130.419833024823,338.726807757488,16.2067037171851
2012-05-28,0.56651342203245,0.115539969015992,-1.1521273025546,12.672283431458,8.4499381504635,286.507248601173,305.428114339302,2.71390369657298
2012-05-29,0.698141650226321,0.74678790343937,-1.14200241330307,16.1196057367735,9.26381440186762,313.740507298814,297.875383295388,0
2012-05-30,0.532324718294757,0.308835750815854,1.90424014754454,16.7408049175577,10.346389493709,315.519918546956,306.403610852327,0
2012-05-31,0.936931260559427,-0.671555671606785,0.23745514153237,19.9091327950706,11.4634605358586,264.50897093971,332.841342574994,0
2013-02-01,0.999905080716431,0.332530849497083,-1.10136301916818,-6.34273711780155,-9.0574892035389,35.7194164380894,224.060297064394,0
2013-02-02,0.921161347711042,1.40647143092161,-1.71752485644572,-4.16493486070625,-8.86613220454773,35.5947571653703,237.344083799016,1.4576500321476
2013-02-03,0.772525086170137,-0.174434645094062,0.728634252279754,-5.21816992334298,-7.69394705474375,21.5971865600273,283.042705123368,4.25376500890367
2013-02-04,0.95048878646641,1.11887982183808,1.33918069905754,-1.6931412601504,-3.77226782242275,31.8524909691801,254.64106835783,0
2013-02-05,0.602229323676409,0.700148396014589,0.166867100712603,-4.52657154669859,-6.49126635064421,30.8714792756444,259.086723210045,0
2013-02-06,0.784642344293521,0.138335794049776,-2.81035690155112,-4.91145125889583,-7.9769597397152,54.0388003046673,199.835122995605,0
2013-02-07,0.997599475364644,0.269203551035412,-2.09771396122927,-9.72891698894172,-12.535420649765,44.8856376288652,215.035452005296,0
2013-02-08,0.993916245341093,-0.150342075906943,-1.81213343053324,-11.0060400633681,-13.4299848729452,52.7754890459967,203.333049561247,0
2013-02-09,0.93828697764791,-0.17326053082891,-2.00582327017001,-10.8769922869505,-13.9029158602786,57.7559400797674,197.75515413583,0
2013-02-10,0.53061361826333,0.0451960178883474,-2.41733981945993,-9.9125969329788,-12.8896270083757,59.6905650969702,196.971476175059,0
2013-02-11,0.559261587846231,-0.0940391447541749,-1.61116260834673,-11.547608349483,-14.5666495575134,53.7570562502318,206.344037202712,0
2013-02-12,0.840924355674744,-0.055822663038551,-1.56593606616373,-11.6169051897325,-15.1110371461463,42.0768990861953,232.988731446213,0
2013-02-13,0.280869847097955,-0.456353044525395,-0.969495590747349,-9.86346619574113,-12.8896270083757,63.5252457656404,208.003444239427,0
2013-02-14,0.311994656234617,-1.08772171314023,-1.74665905432519,-9.81531580717643,-12.3841381464611,57.9523151667568,230.408064715492,0
2013-02-15,0.20838808405718,-0.905626808409565,-2.73356277980075,-7.23284071700713,-10.3761636601005,40.715257089599,261.809346027241,0
2013-02-16,0.0568827187928933,-2.13630551632284,-3.05771475919949,-4.05980126574015,-7.23095074398189,39.8818552000504,278.750873231851,1.33255716795304
2013-02-17,0.751731597179639,-2.90537356139514,-1.58156268391709,-1.33932925250811,-4.21838065347517,57.0294628776769,242.104315588301,0
2013-02-18,0.950276868975374,-0.403745955819973,-0.713457301503066,-4.0308758720745,-6.7362581520005,67.7133207219102,217.094719130882,0
2013-02-19,0.935038132220157,0.0469264262343049,-0.51992973586897,-9.10550375066217,-11.4689662143796,65.6252932095868,227.203847458611,0
2013-02-20,0.988274380790697,0.88974921807473,0.124197874478289,-9.15333242130018,-12.1411619974837,67.9356270258999,233.357673583141,0
2013-02-21,0.991689599106783,0.700148396014589,0.68595638056109,-6.53875319622403,-9.69650119832331,71.2505852184083,230.694564977881,0
2013-02-22,0.817114346336076,0.0667100603085019,-1.62676467200688,-4.86971843230203,-9.45757602641627,87.6430285225908,216.775606058686,0
2013-02-23,0.880643172889953,0.6813544102509,0.224074822141768,-4.4858111780116,-7.77388210705935,78.1427358481899,227.387733421085,0
2013-02-24,0.681672441385529,0.707655043556405,-1.33104037668934,-4.02815795328839,-7.6951798403709,88.6431123443001,202.006639071734,0
2013-02-25,0.633754230381281,1.33113666988673,-0.910603679246379,-5.89230017217064,-9.92324041989949,95.1616733427404,198.394583108621,0
2013-02-26,0.989191990142477,1.71337110757311,-1.55838930490549,-4.9742802080839,-10.8473882957571,101.155116971962,192.560785108398,0
2013-02-27,0.957079574582796,1.41028327651438,1.7261618201598,-6.79143317942339,-10.0266284183649,69.4321214547056,221.181093275217,1.49736242446697
2013-02-28,0.680061144825899,-0.106823331526304,-2.63612808637897,-7.19464782076622,-10.7401058681628,102.918010837033,192.821428607917,0
2013-03-01,0.920433455432895,0.921657247698977,-2.25356495673252,-7.19673590347636,-12.4772310387434,104.252166882292,191.682741037024,0
2013-03-02,0.129789869933406,0.0322852861443419,-2.77487993087652,-7.90324092995491,-12.5986035700804,108.866106193059,192.134203869635,0
2013-03-03,0.614717425642685,-1.46565559956699,-3.35542253732134,-8.6417039158307,-12.4738873407239,95.1714627542525,201.757302544023,0
2013-03-04,0.588499046243895,-2.46328804974967,-2.03208664633791,-9.66181377776678,-13.1190103468447,88.3398493532588,196.327414145053,0
2013-03-05,0.877523327648528,-1.99259456712706,-3.04684402069716,-10.855688817783,-15.1110371461463,102.339039499077,193.462243622418,0
2013-03-06,0.418661128192345,-1.00026375863562,-2.7665072050853,-11.0060400633681,-15.380859987788,107.602379964509,202.503663817748,1.66920088808916
2013-03-07,0.346280992448522,-3.30287878240286,0.45818064892806,-11.1191245858059,-14.5370883575182,88.3398493532588,235.688208966481,1.48372955259169
2013-03-08,0.0803640186388962,-2.75192905321601,1.69782771659209,-7.02029534089238,-10.9960122246224,45.0717229323909,248.480537322488,5.52837582060313
2013-03-09,0.442880561735544,-3.88448938882342,0.152525094176206,-6.77290240462414,-9.90929858352441,23.3944113339215,294.650166982517,20.5041211878566
2013-03-10,0.58744843467648,-1.3895371278897,4.4365339788063,0.53314488180812,-1.23781675093164,101.160971485292,273.095607898824,0
2013-03-11,0.393612692466994,2.02130195052664,5.56474759236487,2.91502122522314,0.49926027609617,87.2337932821822,267.805900368264,0
2013-03-12,0.0522551277930639,2.6982329871101,3.64365534350425,2.7485479072711,-0.684925221914736,135.601124850717,224.83373528008,0
2013-03-13,0.0014567745008498,1.87932661348966,0.546165442148544,0.546226624576424,-4.34828787927182,140.921431246311,213.875605684023,0
2013-03-14,0.193838824531588,0.576863046672825,0.504038976474518,-2.36155926389008,-6.6222632064694,77.2044394428164,270.961553597853,4.43009798506043
2013-03-15,0.625860153481537,-0.641623618379243,2.51125888266032,-0.706687612005405,-2.65200052430984,112.199877524677,273.890537040956,0
2013-03-16,0.435151330974128,0.679559139579108,1.84429742507176,1.47405566040741,-0.977512830120227,102.071242802601,277.686098459123,0
2013-03-17,0.0640689563522451,1.00508852348023,3.06822093544861,1.93565070500025,-0.242669907707639,50.600421190528,314.953086715155,0
2013-03-18,0.214201643708819,1.09960167337609,4.50770704043431,4.26320905705377,2.67401777659597,27.4263054440697,321.721867349649,6.64496491274337
2013-03-19,0.414881935533338,0.944612012943705,6.23176162053172,4.77507741206946,2.38955554073604,121.226805567579,262.440438987511,0
2013-03-20,0.13573750423312,2.68474087301077,3.80290897110921,3.81494973120355,-0.542147009659386,159.025936916121,233.273309914288,0
2013-03-21,0.169122131090136,0.928320880016873,-1.5557321583344,2.32530903446438,-3.00064652000232,162.611477617107,224.317777421884,0
2013-03-22,0.141992093985608,-0.260932352334129,-2.06282722683493,0.676614379790184,-5.08804878810428,159.765340479724,233.273309914288,0
2013-03-23,0.2756627982606,0.214438404810698,2.15140102186545,1.72704643813482,-3.32433567624926,134.111459927586,260.799924672641,0
2013-03-24,0.113434357867072,0.911578902481563,2.90052775511436,3.05064788384821,-0.860573334302344,166.467311697424,242.018197242478,0
2013-03-25,0.00100562876002766,0.495203923923069,1.68668580421746,2.30548761174654,-1.89763735529031,172.53758529287,234.882389369881,0
2013-03-26,0.0544936283836973,-0.410092135662319,-1.83954682134566,2.81210780761387,-2.07178005215017,174.05335220214,235.473740274021,0
2013-03-27,0.557171873638718,-1.48450524880822,-1.84988286565835,2.62432669043534,-1.89405357139018,172.231780743356,240.85581936639,0
2013-03-28,0.251806287319732,-0.874932539717318,-0.904145863260846,1.98981008357936,-3.1386078330354,181.835342740383,226.557416578122,0
2013-03-29,0.437347106878485,-1.23868413280517,0.846942064848212,0.485962586223349,-5.03892454832381,183.799257548405,227.873258751147,0
2013-03-30,0.00205253988896014,0.832746860221186,3.34241623451326,0.966458242749435,-3.3179961260285,156.238726830755,259.809270694116,0
2013-03-31,0.693010109431463,1.10125777948032,4.08045411566804,3.04217332545274,-0.343728055605645,134.406900878098,284.050797535901,0
2013-04-01,0.141992093985608,0.490080255288559,2.05781173532431,4.54611634748594,0.846550994875938,102.122191983575,297.266942175225,1.3545888205397
2013-04-02,0.376701135619903,-1.49594303557584,-1.2815017754106,5.01906157908121,1.53560448153739,127.767301727401,282.796862416996,0
2013-04-03,0.327625610372108,-2.13532534589581,-0.724366296660998,4.13925360231402,-0.711881532666123,123.164953938815,283.885946839465,0
2013-04-04,0.189670460877513,-0.157336192696064,-1.80153593123072,3.86436451692633,-1.5174337721072,204.580444526007,244.881013392979,0
2013-04-05,0.921161347711042,1.3390121390808,0.847602573653084,4.09505075240588,-1.12687721032395,172.067134370781,272.401326570487,0
2013-04-06,0.582527824764055,0.0967688633899819,-0.822928616523909,6.42704941801158,1.57944618257882,206.167023685855,256.525302687568,0
2013-04-07,0.193838824531588,-0.0229623721987804,-0.675652943327964,6.65686008089058,-0.139068826034853,206.258322878467,267.856055125641,0
2013-04-08,0.510826024933609,0.427664558042609,0.929710981076352,6.74920575437075,2.05720869874976,210.462472046469,263.157322773092,0
2013-04-09,0.671485909527748,-0.48545663910425,-0.8314771172595,7.43758046298387,1.87170452642182,207.321991534937,267.457053197473,0
2013-04-10,0.143960006106642,0.388515555888717,2.72372278533349,6.31578104923968,2.55693823764837,159.117791415017,282.64435449602,0
2013-04-11,0.390332267823348,1.96570338008978,4.13079721394902,5.2788762329262,1.63249689613143,219.070548954957,248.177714466335,0
2013-04-12,0.976526487775469,0.673557832956159,1.74382313905524,5.64542800722407,-0.379800602280844,158.850272022658,264.014669911592,0
2013-04-13,0.904273662262659,0.320043235385836,2.23218971025217,3.6476638053389,0.216171185911305,63.7919748858688,292.495853479155,7.89331448854368
2013-04-14,0.213362160694361,0.113897158878273,1.23263700096334,3.41481053083515,1.4998629939193,207.214289800312,262.681802919889,0
2013-04-15,0.747410961671901,0.0168120460583932,-1.99390288794351,6.65993730983861,-1.07767341196867,200.143229114832,264.063834042664,0
2013-04-16,0.539104363305221,2.24378059720344,0.374300061998579,6.79256702777435,-0.442841537114561,233.992925649511,251.06560429091,0
2013-04-17,0.933139316091569,1.15506450889467,3.19860845645561,6.49493691394108,1.04711093178388,120.595383910329,311.056813452186,0
2013-04-18,0.48161241670725,0.300005696543829,4.77082096641501,8.40566854760742,5.02096856620319,79.4443311848499,300.143385689122,2.33441627606579
2013-04-19,0.379743820922691,0.00456716643158936,3.5012858089691,6.74920575437075,3.73782444179413,133.289471547669,303.552359865772,0
2013-04-20,0.997247615656896,-0.426597031653027,3.13238619711565,7.48365441805524,3.3417850441927,84.7533976895689,327.522073193319,0
2013-04-21,0.857593278272312,-0.398060959566725,3.06322953224562,8.18931633313496,4.10745522032984,72.7204785504083,326.361880008176,2.27283797835033
2013-04-22,0.998055359141185,0.0469264262343049,3.84380126473399,7.60313255124625,4.75820229387417,113.129765781275,313.317608081748,5.03419402202871
2013-04-23,0.890435376409327,0.979835308453284,5.3068731537309,6.91123479046062,3.84612931536456,249.139066514424,260.409362030478,0
2013-04-24,0.80566137332088,2.36031353853026,1.7261618201598,7.21140013053409,0.0448989896062859,211.610908623329,273.058550458887,0
2013-04-25,0.54011984508959,1.30112640712195,3.35629680086678,7.93647491536897,3.27448945934567,63.9583527076407,317.614790524846,3.67361109981928
2013-04-26,0.0949254867110427,1.67460940373004,3.94968369043428,7.47675613917848,4.63355115465303,219.658927720859,273.489346720909,2.37295797913728
2013-04-27,0.391280024128144,-0.377055675267193,4.27099374457555,7.83225580575812,2.36120354452954,150.800347310624,312.365529605173,11.7776081390667
2013-04-28,0.778856960642506,0.111115627116982,6.16371682984331,8.44724562734262,4.5534882876851,152.944145336591,304.513208903414,0
2013-04-29,0.932948427475129,0.0476055776084201,3.59542063617943,7.88441560647228,3.88264380070207,212.852588538752,279.738963289743,0
2013-04-30,0.838470225883662,-0.553295628952769,-0.567033459984002,8.14913764897941,1.88480148247118,199.220364657839,291.463146584476,2.79791146053921
2013-05-01,0.633384584535054,-3.30287878240286,-0.473193558309645,10.1018889884823,3.00063346573397,164.282483139395,313.317608081748,9.78429973238698
2013-05-02,0.334737770748829,-3.41186756326636,-0.663226048406886,10.1761205448749,6.38188092238336,65.2836297805639,344.336274988266,14.3692128133864
2013-05-03,0.51272737907145,-2.07368086844717,-0.731908067777499,10.225234138691,8.05685709105756,181.33948986458,321.250629888061,5.63175890424751
2013-05-04,0.482806082180345,-4.23426085537915,-2.10860373683965,13.534010699539,7.63206509316284,172.231780743356,309.826028686428,0
2013-05-05,0.48161241670725,-4.17020182732895,-2.43691518977411,13.0806558675739,3.99860963826601,220.835619625525,290.372973682025,0
2013-05-06,0.859138170072778,-1.91228186039235,-0.140266868489273,12.593513145668,3.72165824480705,237.887342476481,292.523885411286,0
2013-05-07,0.908077073082787,1.11877654372562,0.881911066972534,12.7676567634574,5.49076492285484,230.140919018782,291.505891075809,0
2013-05-08,0.63812861515694,-0.429866961479141,-0.24579048082128,11.2752564249218,5.47203914507345,188.058327879539,295.336196098229,1.1881966795376
2013-05-09,0.980818210296535,0.0797890324892386,0.184423787796114,9.18768475534208,5.41102851442821,173.883002074255,320.288393331812,6.80361127741599
2013-05-10,0.950240763544016,-0.255176908310691,1.76522485918934,10.2846226178413,6.10964691452774,236.531184519842,300.606699724866,0
2013-05-11,0.999255847338739,1.06943010418145,2.97153975726995,10.3333264743244,5.41535645796571,172.067134370781,324.259802808897,0
2013-05-12,0.768657272046736,0.376323570499237,1.25901006694179,13.1700639122351,8.57584442881814,196.551227798166,311.766561959598,0
2013-05-13,0.853505706520046,1.9005687036714,2.11280753750932,12.3463963096962,6.43522842080337,158.278950691416,312.21589408512,0
2013-05-14,0.918033293895835,-0.0246160627183297,-0.180014841285903,10.7119658844721,4.44088809159384,82.5442471003801,346.310624464524,4.29177193770736
2013-05-15,0.693059387413482,-0.91982223105076,1.28080260145638,11.1931859312459,8.11588123962262,72.6073517231799,340.072741166223,7.29068279779956
2013-05-16,0.52147522100877,-0.509205687499744,-0.0893865329814266,9.91448721954003,7.75552653304804,176.116550786646,307.467136447481,0
2013-05-17,0.599883797821848,0.0897066104577403,0.317976109662678,10.5118632222641,5.75391524280792,79.4981160337252,340.064133461454,9.70847172685095
2013-05-18,0.444530276541274,-0.255176908310691,3.97714036592005,10.9000330014821,7.59082270801656,59.6905650969702,359.558004803876,5.05382778488909
2013-05-19,0.338900556261009,0.590035468079701,3.81384079805987,11.5502173528037,9.56068889101734,195.763877915759,325.040305444623,1.66920088808916
2013-05-20,0.765333672703241,1.77119601369779,4.42376449607996,10.7491193739303,7.03974071494112,217.905978174992,301.55874530105,3.74905435019321
2013-05-21,0.840924355674744,1.27674106171236,3.96266707615482,10.5518432145042,5.99395475233381,271.407457602968,283.606483138697,0
2013-05-22,0.888382170947087,0.258355183358734,1.91856329554252,11.4932456380039,5.31351210964872,209.697884756233,306.655634521557,3.98939769332584
2013-05-23,0.807848952483826,-2.00076780539153,-3.77194384957869,12.9723945384801,5.87493634792213,63.9692467852848,341.748865820938,10.3751597065759
2013-05-24,0.975446360777203,0.112124861635152,-3.12193306802239,9.11088914111341,6.43522842080337,147.822368864206,335.380053052786,0
2013-05-25,0.997142662102429,0.610867952128632,-0.919107266305812,11.81083872661,7.57359492669684,146.710229392186,341.016576559625,6.91013068158699
2013-05-26,0.779769418013847,0.76689559716517,-3.42939867912465,12.0465628074599,6.97207974412194,67.8076336341541,347.594514062209,9.77740392401336
2013-05-27,0.928378018409475,-0.428666479462395,2.23756317186454,10.574382464868,7.94618427930702,119.605545837389,340.064133461454,0
2013-05-28,0.8960479924088,0.934234578670562,1.74378350496991,11.0833644881498,6.35465633826066,211.839808038533,311.576302991245,3.8564993742359
2013-05-29,0.469466166254549,0.260855983438113,4.42373016697792,11.0776253840042,6.94562226975174,161.282056195395,315.808497342234,1.41259809163904
2013-05-30,0.0534885397251427,1.20238206225472,2.96738794817747,10.4721671686475,5.98045275570193,270.382977719944,286.261650263252,0
2013-05-31,0.187781597339446,2.56037532972457,3.28930735369303,12.6121689868756,5.49013840560441,142.669336026457,332.833370836446,10.289076195759
2014-02-01,0.993624886481767,-2.6029427812296,1.28729626710669,0.0304163151837801,-1.99750302720341,23.0357206122664,309.732834795773,3.77917019070297
2014-02-02,0.98147184581479,-0.371036614561079,6.02353549348666,4.46718478657712,2.15993175130004,32.1858172901252,299.937255380929,0
2014-02-03,0.532492819787891,1.15653343831963,3.49553295491423,4.16204783378532,2.31620069241992,25.7812139070961,299.655522610001,0
2014-02-04,0.93034976340601,-1.49604059535453,2.26137521945427,1.85952073147446,0.0253503850420926,40.4140276080646,273.233212121926,1.99971587154995
2014-02-05,0.71470270024187,-1.96049971288298,2.39815920070944,0.660306987937091,-1.57207090912174,27.7323823769838,300.340742929761,3.00657460683423
2014-02-06,0.48750099365737,1.03465277632363,3.06684595346097,3.05198387580585,1.45310621694708,25.8046778605615,301.38406395547,4.57431959925993
2014-02-07,0.215044646508179,-1.00818864363961,-0.537263113991807,1.96957933432751,0.112849809507495,23.0357206122664,304.889805469032,13.788915012921
2014-02-08,0.152097738447146,-1.491911398213,1.21322608214554,1.91813855358695,-0.143181626284324,25.5060350851668,306.645132573433,7.9935602323144
2014-02-09,0.0430459757522345,0.982120140058652,2.96366053042118,3.51055981488719,1.64998532447278,54.8384151199228,259.389485458887,0
2014-02-10,0.296946668579295,1.3963672725004,2.44877669200172,2.0146752876738,-0.624282095104848,49.1849700077297,275.035018056255,7.92134120922886
2014-02-11,0.643659381406871,2.50462784783965,3.14142021961509,4.04484991771149,0.287327155526898,30.7573242366415,267.964399399952,2.14466294380618
2014-02-12,0.593642906104782,0.589413499510444,0.262608668959834,-0.473544810014552,-2.19122217284695,55.1087338191921,230.379427671477,0
2014-02-13,0.932324737226521,-0.630281009155897,-1.84445382637239,-5.12459814918054,-8.14244607445016,60.1863479031486,218.899726463846,0
2014-02-14,0.991990912772542,-1.21288594911719,-1.57004439612081,-7.66847844933278,-10.6261167594645,62.457973611566,201.274290154116,0
2014-02-15,0.995462799785877,-0.418292500993977,-1.63080054976109,-10.315286067979,-13.6457146246223,70.8731002524085,190.385798741054,0
2014-02-16,0.983095828453001,-0.622043338778512,-1.7158119559797,-11.7681464544696,-15.5970983715197,72.0610083119894,197.75515413583,0
2014-02-17,0.86923617806764,-0.638273755275656,-0.476528455576142,-10.5425986153502,-14.3579519083386,48.4408714196772,255.979966925673,0
2014-02-18,0.815209322424945,-0.45201080917877,2.96366053042118,-2.51505519746532,-5.70813973902202,52.0606057079286,273.486695979385,0
2014-02-19,0.659760616655105,-0.243764909015092,3.34509225955772,1.46324998932979,-1.29583561633206,28.6838434359576,318.809236047225,10.543398954019
2014-02-20,0.998268978563914,-0.686430894892001,4.38849305294955,5.22068557407615,3.26129630227909,35.5596414961837,301.025878275433,7.03730287255004
2014-02-21,0.919799489840382,-1.30545268605441,2.17368089382337,3.06313835227284,1.55596387007314,61.0885617850277,284.019084428384,0
2014-02-22,0.762800369631961,0.371572522801908,0.600954535483962,2.35977828339887,-0.0614301050917728,43.4773856856202,284.43462193782,0
2014-02-23,0.216132641362832,-0.471379367597482,-0.911531814218947,0.384272349252265,-2.08433546900133,55.4375950873847,263.735986645547,0
2014-02-24,0.490139625977139,0.00962156712279035,-0.89362370423518,-1.02302630739836,-4.17647377304842,66.6557866453549,253.697328597041,0
2014-02-25,0.712174757032342,-0.210211752271249,-0.958307093876505,-2.13841928362393,-5.56485022994313,29.9902358459112,284.617636972492,7.7293350598344
2014-02-26,0.856594389001339,-2.96220371412642,-1.92885501584786,0.208769297808517,-2.12014157524889,64.210993944956,277.618714181309,0
2014-02-27,0.351697441983145,-0.630281009155897,-3.98177336321297,1.38098946251825,-2.38814437142088,92.335835682814,237.919755072882,0
2014-02-28,0.0751378276722915,-0.906022787964065,-1.44715408423735,-1.38250557275891,-5.52098998552679,53.054292358511,268.888042901181,0
2014-03-01,0.115961246822823,-1.34855802465979,-1.52334211812896,-3.34903090811576,-7.10983312856323,105.665921004865,211.812161752533,0
2014-03-02,0.606340502826653,0.303466632063465,-1.35954675001793,-5.29734334228232,-9.96559163086369,88.3768968613496,229.478911516211,0
2014-03-03,0.579446488629107,0.612612664681307,0.723992311901194,-4.09038604869081,-8.10725662344771,50.4291797902374,268.330203515688,0
2014-03-04,0.404328858760861,1.74989545205045,1.62231302743324,-0.163122626434106,-3.42961701160155,81.0872146635784,277.745387334089,0
2014-03-05,0.988273509854803,1.03637696361667,2.62881747394459,1.14785629853712,-1.04427417892348,88.1536213421362,257.239230701574,0
2014-03-06,0.885253769843233,2.02052525534898,0.438628011245225,3.17989047071768,-1.00034543599964,110.927776698048,229.478911516211,0
2014-03-07,0.760248741877562,1.09658615184881,-2.93079441248516,1.64192440013234,-3.9983897223446,123.341020518906,218.899726463846,0
2014-03-08,0.814083692135825,0.495654166058934,-0.287774968355457,-0.232974820732805,-5.77864711866796,110.790818445791,245.968571634263,0
2014-03-09,0.163321079651287,1.36561788566268,1.7611577922785,0.587595631443751,-2.90997304597965,119.605545837389,250.382545816958,0
2014-03-10,0.280869847097955,2.64670425022476,2.64163475453325,4.26543521128794,0.0736790746713382,121.266181489842,251.987711720054,0
2014-03-11,0.513764527774992,2.6133961308846,3.07064472905282,4.40781411248127,0.641634940323,131.12925942451,233.923316429294,0
2014-03-12,0.38209905132534,2.12650297639827,-2.36836696403791,4.01466766980698,-2.71369806220951,137.361744275965,221.16689930936,0
2014-03-13,0.647992011091246,-0.626988321115945,-3.49111993677488,1.30891697521303,-4.54737500772821,140.017032326269,217.76671246422,0
2014-03-14,0.789900203338655,0.0777471449220231,-0.925529981999743,-0.687075141937889,-6.70055137529917,120.595383910329,236.113059087075,0
2014-03-15,0.999641729971066,0.309910731835993,-2.03005967035658,0.447802158250654,-5.68272530068872,138.542685982321,236.325603289993,0
2014-03-16,0.994343375219459,-0.200653751732764,-2.24817711588184,1.50823319061483,-2.67958605358024,143.605024308865,237.701771743418,0
2014-03-17,0.370594173705981,0.688348941574857,0.150748749594251,1.23461891276141,-2.44140024821143,147.149252926498,233.537050109493,0
2014-03-18,0.00804882922309162,0.274763685881405,-0.729478311228724,0.776363950875994,-3.07329882870277,147.741332925585,239.26069804615,0
2014-03-19,0.516087842810341,-0.0648653362798744,-2.07139554530944,2.62682490117458,-3.16593462617761,148.9476546298,225.307128889158,0
2014-03-20,0.0681788868869619,0.441114596464287,-0.23883938990014,0.281955958646704,-5.54700893808235,153.006653912126,233.288529701208,0
2014-03-21,0.487607319869759,1.03637696361667,0.56572930281015,0.591832909415263,-3.25290577662461,159.290574219808,236.128574036847,0
2014-03-22,0.588536310576432,0.477839394013853,0.728634252279754,2.27922426558176,-1.76875186769497,138.247928200865,245.328877808571,0
2014-03-23,0.98632287370478,0.969058921244651,1.59925953738051,1.57616532350441,-1.10851482561276,160.356753711935,242.778336488143,0
2014-03-24,0.439757352010507,3.12742731222835,0.896171001462991,4.64498288870366,-1.26313703563088,171.904433909723,228.085170352188,0
2014-03-25,0.0131223541975525,0.827289648883307,-1.67447697594434,2.55634112873482,-3.76177212103355,172.101318643363,231.726798588833,0
2014-03-26,0.395202863947952,0.123071246299277,0.887137358696106,1.22563623838484,-2.94019947666868,173.045390391035,238.993012708744,0
2014-03-27,0.337641251823886,1.14269340132984,2.72372278533349,2.81229135873283,-1.5769665803574,177.174297941795,242.871600757596,0
2014-03-28,0.561235990182295,1.23985065986979,2.15140993918785,3.53858969721558,-0.576002151448866,174.592254809272,255.623819475417,0
2014-03-29,0.974052747097256,-0.275713636168228,0.829215357559776,4.70210048095085,-0.100939089552703,180.602749451507,246.641883248138,0
2014-03-30,0.83769064381551,0.0924167964528438,0.545702775988837,3.3899985405006,-1.91274406983329,150.528735759942,258.746263993947,0
2014-03-31,0.557605120457269,0.191010775928387,-1.64964730984923,4.09505075240588,-0.957024021222658,190.666372981712,220.90265145741,0
2014-04-01,0.668701731909064,-0.176984087306661,-3.94021014795159,1.25923329333547,-7.39095969382673,190.545097761116,224.83373528008,0
2014-04-02,0.997937583434324,0.993279686262678,0.694552556525758,0.616223846532622,-5.25727053463735,192.505682349831,239.314237108095,0
2014-04-03,0.997146155434829,0.969297251410149,0.588130610966601,2.280437614498,-2.31212476400303,184.351953691488,255.07612962041,0
2014-04-04,0.109105807150018,-0.365267854127159,-0.109940306986537,4.87007519978183,-0.428369570951226,158.240482741522,280.672474239632,0
2014-04-05,0.349379268002918,0.283616977413812,1.82854254861789,4.9691103197292,1.7615592796639,160.116585533952,284.187621417481,0
2014-04-06,0.290855929554669,1.00822641612055,1.18585135460907,5.57586417282068,1.84411412667893,201.247910636082,268.657175462371,0
2014-04-07,0.976375470590799,0.785423055850523,0.370803373786009,7.37799135313996,1.19887041941728,184.054653910575,275.870372775166,0
2014-04-08,0.870760408829626,0.494576059043488,0.348833319581192,7.33608590820104,1.53759607126884,174.350499430291,276.674955190723,0
2014-04-09,0.80055186656929,-0.0513448588120331,0.15681434303264,6.86809140547027,1.51825322875235,216.659655694268,251.199471270719,0
2014-04-10,0.391280024128144,-0.147437354092305,0.123463639931126,6.40173686609856,-0.962960153985727,212.894534877608,260.525835932647,0
2014-04-11,0.13500254612403,0.36153123702681,1.7452831544134,6.46943049614709,1.4432071897673,109.323654834626,312.060132437412,2.3291200672888
2014-04-12,0.255242099654706,0.150830544749378,1.53702781831349,6.30155268712116,3.81905011347792,44.2923918006746,333.359588472367,4.33154146879635
2014-04-13,0.208017625917863,1.35044278121782,3.50585379386437,7.37512174838036,5.41015034197472,220.161757768574,270.414731435322,0
2014-04-14,0.994836692705184,2.80871702600598,1.3777387171628,8.71770103803254,2.59294832497858,84.7533976895689,301.66685912386,6.59017218975981
2014-04-15,0.99907216401095,-0.349031619894257,3.27360508555185,7.04008314231269,4.00514156666973,212.982996034456,275.076383142976,0
2014-04-16,0.616553484068979,2.97211295059073,2.93363405816935,8.77545915785412,2.72990280997369,49.4329372399155,337.470744524458,11.8487229954031
2014-04-17,0.0614814036330453,0.0371677589826221,3.71822459328317,9.07244530156315,6.42195948757589,147.161998628929,299.079635309154,0
2014-04-18,0.618708990353763,2.15765550345932,3.84625464280194,8.95771830418285,4.52544234900373,245.506166023662,253.487722776732,0
2014-04-19,0.276502913547597,1.23985065986979,2.43120671992141,8.45019599491669,2.81545557608356,183.180527122537,287.355616424743,2.06880138866314
2014-04-20,0.999905080716431,-2.75555441664758,1.67393561038508,9.53769264606012,3.19297166203739,49.881651275673,329.064907868385,13.5440122471498
2014-04-21,0.999905080716431,-1.04259661363821,3.41010561880891,8.32118056905303,6.16736136056734,79.2769700537565,334.381658753072,10.6980680776398
2014-04-22,0.99036789564378,-1.30993585479192,3.29411145342629,9.42031208797991,6.64785312538234,85.4823483116168,335.509561293477,3.74311117725777
2014-04-23,0.585413651779704,1.35527837907565,3.70274586942627,9.30215828428261,6.5395252232578,174.350499430291,304.61907764839,1.81867024093051
2014-04-24,0.487164531488395,2.46095563353494,4.53100745767678,9.2881667392912,5.4089850983533,222.521481157979,264.246772191572,0
2014-04-25,0.46726713332448,1.81363645601784,0.508722284830519,7.8680410488558,0.567659544176522,259.185121383709,238.281557935283,0
2014-04-26,0.985251813977062,2.22714672752423,0.785799250472845,7.23836749086206,-2.14554389063688,258.788169214247,245.57152201342,0
2014-04-27,0.93690661345632,1.18937143517545,1.56621319986637,6.97234519968065,-0.256759068767285,220.449941344657,276.579337805266,0
2014-04-28,0.451610812267429,-3.55060418169977,-2.92399251034838,9.62673385415604,-1.08822001618309,104.027878069371,301.631902120387,3.63923831353903
2014-04-29,0.264476217345073,-3.0214385811824,-4.56761805993288,8.17708190399253,1.11905843867554,209.450422151389,288.413541488743,0
2014-04-30,0.0714822223115599,0.102796239408602,-2.08688080089404,9.7372405913416,-0.317978963602412,237.142348463867,260.478249541269,0
2014-05-01,0.371633262471352,-1.30545268605441,-3.86448487064829,5.22163960831896,-6.60896210451835,233.537930213396,245.817985513791,0
2014-05-02,0.176889793924872,-1.8277858683124,-3.10349870727598,5.02943481470356,-5.62634330063201,241.139572832071,250.062993334679,0
2014-05-03,0.69841978716273,-1.57884847759738,-3.74324137873286,6.38482162448557,-5.45181228148114,220.478278255517,260.525835932647,0
2014-05-04,0.364643882703707,0.15505076829811,-1.97481933495931,6.59173362096699,-2.49361291292416,255.261039673969,255.688500856577,0
2014-05-05,0.292156724918435,0.606298190122184,2.50569239615766,7.20336864835227,0.730948268019694,186.385459276501,281.116527224322,1.50554591935698
2014-05-06,0.183297730652684,-0.322732218222367,1.61944195438918,6.58219353298365,2.22297436177242,176.806121714665,289.516906258305,11.6078460396906
2014-05-07,0.124431532272536,-0.637524428710321,0.572393004612283,6.82927663105429,3.2176509130207,199.220364657839,286.24711332684,2.56515656960861
2014-05-08,0.473229454504375,0.245501361929146,2.56453015772627,7.25406027799029,2.76673388219652,213.586619676646,282.842879421794,0
2014-05-09,0.195575700186319,-0.764670619773682,2.08035169480797,8.334382121966,1.57944618257882,207.276938676784,290.179868915395,1.10344764900186
2014-05-10,0.204109613871436,-2.28475841929085,-1.39815431818782,10.225234138691,4.50318605092777,128.461758939034,311.949742753451,2.67984751473196
2014-05-11,0.244555332261989,-2.03563054205742,-4.85588846916239,9.54120210497101,3.49252349134495,151.651232880663,305.837343672078,2.90422918215405
2014-05-12,0.230452192778269,0.69381914306986,-3.98506061115581,9.65098505285181,2.64384264407719,182.806725183104,288.092931637788,3.32816721694002
2014-05-13,0.741727358098096,1.49757055287576,-5.02618284749984,8.24152748010052,0.775598229487571,184.822787776767,297.235234814654,1.76938227293314
2014-05-14,0.334015801675952,-1.14942397876894,-5.82022976352358,7.83263831967132,-0.362414446775138,181.33948986458,284.736886067689,0
2014-05-15,0.395902677425977,-1.39394291372908,-4.24484048677051,6.67180086689696,-2.78823216325186,259.107822746798,268.330203515688,0
2014-05-16,0.669272481532826,-0.8216861602699,-0.958307093876505,8.27320591988678,0.0294155205096013,232.758599913001,282.9241772359,2.02489095695324
2014-05-17,0.67626313555006,-0.349031619894257,2.0665866981134,9.26483219211324,4.66472928104156,224.442888417215,285.667165558128,4.3233056699593
2014-05-18,0.586253706666561,0.599635551005937,2.79370685694679,7.96576652475536,2.45920582164859,280.433381182337,262.054952746753,0
2014-05-19,0.315932718147928,1.70020441647757,4.20876561965343,7.82556769924001,1.35473859615879,196.466444626153,295.704708819433,6.10407955470156
2014-05-20,0.737444941198391,-0.223681591811834,0.204437913160637,9.53769264606012,3.92698946869798,203.233028580278,323.414804689136,0
2014-05-21,0.841128941510699,-0.0513448588120331,-0.199081814335597,12.4123815147914,6.648700305688,186.635896899548,338.443653166972,4.01609038246049
2014-05-22,0.674885887294062,-2.97640287283201,-1.547699718788,15.6212938917036,9.82226013364736,102.462387679157,347.840158041743,9.46336852715915
2014-05-23,0.383484975689414,-0.428530322219001,1.52596050343541,11.9729078392895,9.29035627741529,177.18190230271,326.896920669158,3.27750906482215
2014-05-24,0.995136448668042,-1.44114190072484,-0.767258866596708,14.0051825803256,8.43323527914638,92.2989070388424,358.948320358413,13.3032550939884
2014-05-25,0.999905080716431,-0.674108713767879,-0.569644619046904,14.0627738287709,11.1341205843047,109.897554848108,338.587889775679,2.56289070939289
2014-05-26,0.864573392576796,0.0764813738334679,2.27880746560621,11.6956571294122,9.32199128464958,148.484174064076,323.100062152221,8.63787513757466
2014-05-27,0.650734632993301,-1.34855802465979,0.380533681888339,11.1098850168384,7.78949037930304,181.33948986458,322.613587166056,3.74738410252875
2014-05-28,0.680718228982224,-1.1388472410788,-1.88659433415887,11.5883909271817,6.8153133204938,278.286298632847,303.269780656215,0
2014-05-29,0.827600765172833,-0.19412876001551,-2.93079441248516,14.3899092440228,6.65627800967319,308.834801565648,282.664365895361,0
2014-05-30,0.875848826904744,-0.646053585458388,-3.87241039964934,14.6713527381331,3.72132000286769,322.745974154663,279.913228695993,0
2014-05-31,0.918633383790356,-0.564589051468769,-2.00663267536918,15.587531792901,5.2488834584613,250.462153718794,313.129852346662,1.01707358153871
2015-02-01,0.993624886481767,0.40897467614281,-3.74478252612062,-0.362163302975895,-4.45153360988273,27.392337779044,262.496167925712,0
2015-02-02,0.98147184581479,-0.0648653362798744,-2.00435272780246,-3.03576434197725,-6.59146819751683,42.3629936222355,221.783554912996,0
2015-02-03,0.532492819787891,0.00451876000756281,-2.48727298250434,-5.62593099745386,-8.86613220454773,28.6838434359576,259.979329636704,0
2015-02-04,0.93034976340601,-0.947285286244487,-2.27440376707887,-3.27818300722692,-6.68610012226289,33.2272231839132,259.654258924643,0
2015-02-05,0.71470270024187,-1.41205330132516,-2.09989940110931,-3.1315089829905,-6.18175389017699,47.6090748027418,213.671884860706,0
2015-02-06,0.48750099365737,-0.365267854127159,-1.73124974880621,-8.79449234949833,-11.8373767668785,51.0564578568237,212.441543395671,0
2015-02-07,0.215044646508179,-0.0425641769785068,-1.56643722347564,-8.61748456963348,-12.0547112251682,52.0828099926019,223.468082636221,0
2015-02-08,0.152097738447146,0.796100724168457,0.315543198478772,-6.00787067645484,-9.17535597384625,55.5756039170755,216.271721276291,0
2015-02-09,0.0430459757522345,-0.0507310844734178,-2.8121896751911,-3.65635521452889,-8.13844123456783,56.860512034642,214.329097863602,0
2015-02-10,0.296946668579295,-0.197574664513082,0.421147887052377,-5.96023881506886,-9.61884779045127,42.7236380380396,245.668953991825,0
2015-02-11,0.643659381406871,0.277736129874105,2.97964950161963,-2.60796749653874,-5.41801610697347,47.6559925962988,241.806811861885,0
2015-02-12,0.593642906104782,-1.55174380157072,0.952847722948902,-4.6274240328975,-7.19102923455205,40.4062153022947,262.616747521647,1.34922320125842
2015-02-13,0.932324737226521,-2.09394312974978,-3.02045173668566,-5.24082672367473,-8.89391514562195,39.6443194660815,271.123959793263,3.98475639011821
2015-02-14,0.991990912772542,-2.40095737721081,-3.82509049384844,-4.60017832921469,-7.94146962681813,28.4221074991967,278.170629802002,9.23809718336303
2015-02-15,0.995462799785877,-2.47596185569933,-3.97897540073274,-4.51648690311271,-7.81542925852524,31.1326819418804,282.011900173421,1.9393739495344
2015-02-16,0.983095828453001,-2.63268978779714,-3.52315304165236,-2.51290727908357,-6.15865114230468,49.3767746789007,264.039751608383,0
2015-02-17,0.86923617806764,-1.58611595750498,-2.19548140738326,-3.18132911082562,-6.30379697357607,44.218325058047,260.726729585979,0
2015-02-18,0.815209322424945,-1.25932685832605,-2.51220538124424,-4.38735143422395,-7.36942521479115,55.1087338191921,246.549519500337,0
2015-02-19,0.659760616655105,-0.631819877260143,-0.53339123113232,-5.60706437588568,-9.03471122459197,24.8364762828732,285.36637897053,5.07972013957938
2015-02-20,0.998268978563914,-0.714563190971265,1.45133392646422,-2.55122207755241,-4.73648663743018,56.0014176375352,276.133376745657,1.17358064030926
2015-02-21,0.919799489840382,-0.707424200608958,-0.673509971679178,-1.13433421421673,-3.83486588924495,75.1881501793448,252.686191612216,0
2015-02-22,0.762800369631961,-0.834392244326347,-0.917292836853353,-1.85174908005017,-5.33671788693038,76.5338180079308,233.36542242276,0
2015-02-23,0.216132641362832,0.667006338102929,-2.8489976517954,-3.78735441396107,-7.96191996060723,92.2377270423215,194.066589661622,0
2015-02-24,0.490139625977139,-0.897898440291644,-2.05941508307364,-9.40376742487094,-12.9254674632514,76.2155270704407,203.565426163952,0
2015-02-25,0.712174757032342,-2.0401382439759,-3.58959429477812,-11.1265714649197,-14.7270885419674,75.1013341751915,217.243398159391,0
2015-02-26,0.856594389001339,-1.99885975876416,-4.79650102272101,-9.10550375066217,-12.8561082681556,84.7582106875126,202.924869650165,0
2015-02-27,0.351697441983145,-1.69401024270501,-2.65676166134924,-9.81531580717643,-13.1190103468447,101.498743685731,184.610440693779,0
2015-02-28,0.0751378276722915,-1.00026375863562,-1.88044602883048,-11.6851860125072,-15.5970983715197,104.027878069371,190.385798741054,0
2015-03-01,0.115961246822823,-0.78847034346285,-0.567033459984002,-10.3886893818465,-15.0318786250907,98.9810101174257,207.984040287884,0
2015-03-02,0.606340502826653,-0.610212636707339,-1.11867334537744,-9.84162019190301,-13.6164968373118,100.326184231186,207.101216645826,0
2015-03-03,0.579446488629107,-0.819218108604531,-1.92097722571887,-9.15333242130018,-12.5986035700804,102.388880993757,215.713318011507,0
2015-03-04,0.404328858760861,-1.87671918082714,-1.45632235166919,-6.74026969319486,-10.3358003729561,58.0311937142464,264.874606808358,0
2015-03-05,0.988273509854803,-4.17020182732895,-0.700973415257481,-3.65614512821618,-7.46800915823411,52.6353808844883,262.026679625083,0
2015-03-06,0.885253769843233,-4.01822240108692,-0.611491403524384,-4.23618768239041,-8.82811561389635,92.2326859833321,221.181093275217,0
2015-03-07,0.760248741877562,-0.615076956347528,-1.14461546520944,-7.61992553593898,-11.5237517937174,89.2843209335225,242.051917872489,0
2015-03-08,0.814083692135825,0.20214654266622,0.0331667620885808,-5.97987528082186,-9.90160257605928,123.628333216334,209.442945862866,0
2015-03-09,0.163321079651287,0.198478182962157,-2.46175878995177,-3.7711826889628,-8.66092965743317,126.801179102836,211.924685398382,0
2015-03-10,0.280869847097955,-0.406409236840938,-2.95630704727153,-3.5610725666921,-8.51200104622527,119.763420804777,217.149817176891,0
2015-03-11,0.513764527774992,-1.46635290053662,-2.39917949418993,-5.54769267686589,-10.0409098220576,126.889614187318,200.122173447389,0
2015-03-12,0.38209905132534,-1.08374944250325,-2.59124930285533,-7.78004231827713,-12.283902024187,126.515036645999,206.427392715,0
2015-03-13,0.647992011091246,-0.571887323668136,-1.6589858231642,-7.91621525449644,-12.463206263839,116.711865390902,229.045598357965,0
2015-03-14,0.789900203338655,-3.65010289047988,0.874650452494919,-5.92535222512292,-9.96559163086369,28.9973320980002,282.078895776674,17.6135716871774
2015-03-15,0.999641729971066,-5.01630401181456,-1.95784504290666,-3.00863818046268,-6.32302870390859,65.1075572793289,273.422343998244,6.28968777415684
2015-03-16,0.994343375219459,-3.4766384779878,-4.12788620049161,-4.60017832921469,-8.64050128463998,147.522009324952,209.888176808905,0
2015-03-17,0.370594173705981,-1.5054527030939,-3.8652253131922,-5.77518903229406,-10.2791623384004,155.11942739512,195.741827893675,0
2015-03-18,0.00804882922309162,0.0488794289715484,-2.85397706894884,-4.73779247278375,-10.3358003729561,147.245761639974,220.983806190194,0
2015-03-19,0.516087842810341,0.0230088423239508,-2.11414121410117,-3.18329004167673,-8.28479030433886,158.240482741522,214.476169324204,0
2015-03-20,0.0681788868869619,0.00270113326467421,-2.10304625589047,-2.91727280935113,-8.04754556524586,159.964811762431,208.932473931817,0
2015-03-21,0.487607319869759,0.00608998662062806,0.452801932605935,-3.65416108890286,-8.40076976273065,125.527955618013,234.72336856861,0
2015-03-22,0.588536310576432,0.498549940201299,1.39678913509376,-3.57654548945823,-6.38671939437411,129.675096658862,255.020851183581,0
2015-03-23,0.98632287370478,1.34721631932668,3.39613481771221,-0.688310741041702,-3.26761736616985,127.767301727401,255.673035400078,0
2015-03-24,0.439757352010507,3.19528642791802,3.60097740474528,3.81624407296997,-0.542147009659386,171.274640464755,232.141704399755,0
2015-03-25,0.0131223541975525,3.53643936882843,-2.48727298250434,4.7997985042029,-3.19193315141843,175.279472936055,229.739182323946,0
2015-03-26,0.395202863947952,1.46412946605647,0.0509863627909369,1.52148327946404,-3.54679805109327,133.977887093308,255.987279780038,0
2015-03-27,0.337641251823886,2.39010240227582,0.409837052040971,2.19057084665091,-2.33155317469775,162.188133916098,229.739182323946,0
2015-03-28,0.561235990182295,-0.33225036429768,0.295954974490252,-0.868663319076058,-5.26907628577353,109.647652396833,255.463534321195,1.50052109994731
2015-03-29,0.974052747097256,-0.901635040388195,0.220708553456963,-1.13961648385201,-4.11367499200237,154.559656531073,254.641682476252,0
2015-03-30,0.83769064381551,0.0242002535160989,1.84217135013515,0.298789979455477,-3.03722231004178,148.294322619101,248.879048633506,0
2015-03-31,0.557605120457269,-0.017269754416652,-0.645409503673675,-0.077010179836424,-3.95372537277526,188.640664631825,238.739698080052,0
2015-04-01,0.668701731909064,0.832746860221186,2.3873273388077,0.625988412908334,-3.00064652000232,153.980352790364,270.123856148792,0
2015-04-02,0.997937583434324,2.48600968624673,4.6098589631577,4.86098846781568,0.730948268019694,41.1754216220027,307.262297279786,17.7877153711616
2015-04-03,0.997146155434829,0.219367627585868,2.69923976204259,3.55785316510119,1.30324026956946,194.372885347519,252.56864844519,0
2015-04-04,0.109105807150018,-1.11125483887663,-4.27170572547336,3.87639060827452,-2.98914079510321,185.495042715584,227.399149380699,0
2015-04-05,0.349379268002918,-2.34256142371002,-2.39037171523748,0.413648527427746,-6.50062425835233,213.769775793109,204.739905618246,0
2015-04-06,0.290855929554669,-1.54319882424294,-0.629015168408136,-1.33032469626871,-9.19840587510174,173.669941886155,233.798470180829,0
2015-04-07,0.976375470590799,-1.22663391810624,-0.714542767987331,-1.23963387058924,-8.34827407367035,173.725640805709,250.664148464796,0
2015-04-08,0.870760408829626,-0.45964417003385,-1.07911408235789,0.864725245908653,-4.89378843834828,159.025936916121,260.854988533982,0
2015-04-09,0.80055186656929,-1.44269224714426,-0.691795234851064,0.747505899596067,-4.28600671659807,190.721764722287,237.252372484866,0
2015-04-10,0.391280024128144,-1.00794147114833,-1.50518925793512,-0.430312629895855,-6.18175389017699,209.419774712806,228.132474922123,0
2015-04-11,0.13500254612403,0.364956744993856,0.137994979615965,0.11871666805883,-5.8607633184379,232.758599913001,221.858771160423,0
2015-04-12,0.255242099654706,1.70148745569141,2.0056433238624,1.30631492814138,-4.95885670297812,232.601148554919,226.932702615208,0
2015-04-13,0.208017625917863,0.210314702608679,0.855522762600662,1.3969533747819,-3.28426510002535,173.037387033847,272.31095961629,1.18158712325442
2015-04-14,0.994836692705184,-3.06317029424322,-0.0154222188880796,2.97506575243332,-3.60275710625417,34.6429039966466,315.548224205364,19.3101292509952
2015-04-15,0.99907216401095,-1.76903446821613,-2.33972973364246,3.17301446393836,1.3537406613358,101.994555722766,295.345948903716,0
2015-04-16,0.616553484068979,0.108295250573793,-4.6006790045167,4.45148560543072,-1.82270790352225,247.720060536481,230.694564977881,0
2015-04-17,0.0614814036330453,2.04146252318719,0.697123386089739,4.03734969447003,-2.32978449350963,228.224704030641,257.264147146533,0
2015-04-18,0.618708990353763,1.5745826865876,1.3185119374762,6.04385781747258,-0.0614619136178772,250.773821161265,246.447603803328,0
2015-04-19,0.276502913547597,0.852972854407602,3.59471111136615,6.19649924587312,0.965850476902759,59.0134246893407,311.918349611044,9.36078452439245
2015-04-20,0.999905080716431,-1.71821365630593,4.24797793136785,6.63531857448758,3.91937557068893,40.8608106328942,325.972284855235,14.9346761682774
2015-04-21,0.999905080716431,-2.57156355601399,-1.31534547227445,4.41760339057813,2.28385435621036,77.3649487201897,307.869160918117,7.14929995896574
2015-04-22,0.99036789564378,-2.71198906521864,-2.04255405215657,4.43807134116401,0.790034692201543,158.240482741522,290.028208250592,0
2015-04-23,0.585413651779704,-1.44833234425875,-1.09258678605087,5.23919291568358,-0.0496388253357372,223.565427285001,284.27333055732,0
2015-04-24,0.487164531488395,-1.09307228302847,-0.327745745560997,7.49951859470429,1.79412830642891,194.372885347519,290.90614223758,0
2015-04-25,0.46726713332448,-1.20967509160513,-1.47227207314794,7.79138198797757,1.53631011320118,78.1080029499809,311.669476122021,6.91013068158699
2015-04-26,0.985251813977062,-1.80070745582103,-3.46805069629271,6.34960794409866,2.55693823764837,160.356753711935,311.019872490453,0
2015-04-27,0.93690661345632,-2.35475814511158,-1.98412881217981,8.51385164397937,2.84711555425129,257.264156451535,268.207893007731,0
2015-04-28,0.451610812267429,-1.79213247050043,-0.770246529916105,8.18337236143287,1.80229944874643,275.350207485511,253.958459706931,0
2015-04-29,0.264476217345073,-1.81579215137616,-0.805629281539819,7.93425777567001,0.390120650092851,276.442814434213,255.979966925673,0
2015-04-30,0.0714822223115599,-2.13630551632284,-1.05772790413887,8.95312550672667,-0.122917448080862,267.508783206066,263.004642779021,0
2015-05-01,0.371633262471352,-2.22214375006079,-1.2274230324636,9.04259688599517,0.770079450776301,263.914605058931,265.253262109445,0
2015-05-02,0.176889793924872,-2.64307733198432,-0.958307093876505,8.95771830418285,0.652534435252126,227.086438850286,282.860092413238,0
2015-05-03,0.69841978716273,-2.70909632407566,-0.356776278291284,9.41286707706127,1.93712513566377,231.164708508828,295.683284244801,0
2015-05-04,0.364643882703707,-1.46574334387184,-0.620281404030334,9.87294642445444,3.12485391185329,220.357442557723,290.577422687389,0
2015-05-05,0.292156724918435,0.181352640762028,-0.726887058501697,10.88408013302,3.75907024754533,270.711341650889,284.684890669276,0
2015-05-06,0.183297730652684,0.443222685796452,-1.00300101453926,11.852967227246,5.14732669366353,258.788169214247,291.757052694247,0
2015-05-07,0.124431532272536,-0.496766751050667,-0.812991944095213,13.7580472731751,5.20522570423262,262.589416215847,291.75578613858,0
2015-05-08,0.473229454504375,-0.414479506208969,-0.991045319173936,14.8537374503904,6.03994103542437,253.47976776759,300.791308059231,0
2015-05-09,0.195575700186319,-0.280417623381226,0.171257960148799,15.618320700124,7.85229419996513,280.15945294682,296.29518715221,0
2015-05-10,0.204109613871436,1.02458831343765,1.77512472980383,15.6816992852371,7.99436497276195,255.844099569258,297.032568999767,0
2015-05-11,0.244555332261989,-0.0437518314060887,-1.80603882189726,15.437374026426,7.39337302664825,286.970669711491,290.030155432625,0
2015-05-12,0.230452192778269,0.760849215198476,0.204426884741943,15.7743612730095,7.87657506866542,286.755287440404,290.179868915395,0
2015-05-13,0.741727358098096,0.987819614220772,0.395318927377899,16.0407644273181,7.22474048171289,298.233644263186,284.27333055732,0
2015-05-14,0.334015801675952,2.32553730843565,0.33671096648675,16.1529014342683,5.64503695059013,237.272266991567,280.208637179776,0
2015-05-15,0.395902677425977,2.9359458319261,-1.14679806675702,11.695603535948,1.24880938153583,277.478359440403,272.855228813333,0
2015-05-16,0.669272481532826,1.71746194843631,1.59878809894184,11.1141257244547,2.68408181890376,286.507248601173,289.207704782962,0
2015-05-17,0.67626313555006,1.19476883379092,3.63665365753899,13.3757105427062,6.11901482600716,88.6431123443001,319.199297973363,10.2060783181726
2015-05-18,0.586253706666561,0.949293872581319,1.85918969696256,9.86394360665514,5.79048123456057,286.029892583836,257.760352629369,0
2015-05-19,0.315932718147928,0.921893070989385,3.37594818583676,8.71805970158517,2.45039994177818,147.822368864206,298.876399950943,2.53278615748738
2015-05-20,0.737444941198391,-0.903403686191943,-0.0942387958196224,8.95771830418285,4.66474141381304,183.885607427908,304.694613739023,10.543398954019
2015-05-21,0.841128941510699,-1.3711478836419,3.18952309186279,9.03175985144255,5.2488834584613,206.689640130942,294.205835932666,3.51433652169958
2015-05-22,0.674885887294062,-0.287482099225962,3.23675085667148,9.11504871884956,4.64177998656967,254.053681885998,284.089148556702,0
2015-05-23,0.383484975689414,1.36612137367379,3.03334716257047,9.54373708583248,3.46440334534036,168.807969768238,311.048969983525,5.83374553803468
2015-05-24,0.995136448668042,-3.65974884740552,-0.248897758139412,11.1408367449942,5.49180555788199,62.0796878249853,344.380937751309,7.51020221884827
2015-05-25,0.999905080716431,-0.145465031552417,-1.36205481564769,9.64399847772366,7.18922759183932,158.803865059722,325.539473019952,3.14269790001109
2015-05-26,0.864573392576796,0.938567682833251,2.46234439854967,10.9841219524063,7.10810356162597,165.529943597199,311.845907204984,2.76953173950726
2015-05-27,0.650734632993301,0.291537287397444,0.27720127929445,11.0043246619595,6.91800886752512,280.922966267905,294.815922604036,0
2015-05-28,0.680718228982224,0.571272239872825,4.06789177706562,11.5586418848161,6.15856324038461,126.28721124283,332.838494696403,1.72703236452425
2015-05-29,0.827600765172833,0.262748649198781,2.62881747394459,11.598994303137,7.85229419996513,191.390108217536,334.062933607058,3.51350651924259
2015-05-30,0.875848826904744,0.218789560824921,0.335394860071435,13.4512381326251,8.55291403881994,124.59343588589,341.499751338995,14.7517754319739
2015-05-31,0.918633383790356,1.28722468071738,2.32506792822621,12.0884305144929,9.19848163644706,251.229338742602,296.804140856524,0
2016-02-01,0.739274115871406,2.72859111353711,3.71484794647147,1.3969533747819,-1.27090198048128,22.9486448750821,277.788272793839,4.01740730717387
2016-02-02,0.94515741104768,2.70123947539656,1.80676861797528,3.11935490538989,0.179344252101832,45.4304465128167,226.557416578122,0
2016-02-03,0.245562098190133,2.04744309495959,-0.658082964251499,-0.865812369153167,-5.97664526216638,48.4106598154443,205.955054346553,0
2016-02-04,0.236439564122626,2.19815592171713,-0.363501472331915,-3.44960183460975,-8.96270296555701,21.244109652967,293.84541049471,5.57908463913787
2016-02-05,0.999905080716431,1.11003989401252,2.93363405816935,0.911357576720585,-1.09800282321253,47.996169421705,253.775044937927,0
2016-02-06,0.422498988025219,1.97508514415307,2.51117248975034,1.33459407022372,-1.46995812057858,41.0215980857789,246.549519500337,3.7057861849863
2016-02-07,0.953442816183879,-1.79860002525971,-1.90295420610295,-4.40638631743072,-6.69808606604716,22.2255881522474,300.937489563093,12.2977727569917
2016-02-08,0.979834855623345,-1.04952808064311,0.91344758333691,1.12128227638196,-0.636244953116156,22.7214260379992,307.115336461325,9.23809718336303
2016-02-09,0.923621622739429,0.296163164215731,0.521974786731169,2.38238672090408,0.648604955783849,48.7334237732055,244.201954883479,0
2016-02-10,0.604970364125486,0.785423055850523,-0.525257570865952,-2.90808735186593,-5.4270847918467,57.4849600531615,218.236001396467,0
2016-02-11,0.382010365107654,-0.700355244387936,-1.45632235166919,-6.55460827866646,-9.20737822081787,26.9920875379503,279.692864001348,3.57360704454606
2016-02-12,0.991321559755069,-1.97351511410581,-1.74196330420243,-2.47726318642503,-4.9876524177849,29.6683656003644,291.423661124405,2.948638765787
2016-02-13,0.986905453253998,-2.05277530969246,-1.84151000759692,0.189475450346563,-2.31212476400303,50.623942198036,242.871600757596,0
2016-02-14,0.32966704773892,-0.30953638212665,-3.07276737566388,-2.82499448143393,-6.39704223322717,68.4069713894748,199.298453796506,0
2016-02-15,0.0794660967874365,1.15506450889467,-0.333389948910335,-8.83593022306338,-11.9892729007675,70.1378602157702,225.041283553592,1.77690571546563
2016-02-16,0.627651453065802,1.62762766325401,2.33330067768405,-3.84836464569767,-7.75878999241256,20.3909402909025,305.809715917272,9.69767705463945
2016-02-17,0.953587476186477,2.91793945604695,6.29666679171523,6.37765701059826,2.59294832497858,61.0885617850277,260.718631280619,0
2016-02-18,0.844598323954043,4.02657928205931,6.73275637701577,4.97200743670211,0.841391895682565,73.8796959736488,245.482918969641,0
2016-02-19,0.385398557256016,3.07068997294141,2.33558792890054,3.38132537546034,-1.12687721032395,73.4964840555341,220.325062246693,0
2016-02-20,0.234410360330607,0.222171163417271,-0.833086689371083,-1.50858949735789,-6.27209071254236,80.1912785818827,225.445500913295,1.55285666884937
2016-02-21,0.531965108439443,-0.34358591506842,2.43104375386354,-2.08547349011611,-6.18175389017699,22.160308949796,323.534942141301,11.6238314633974
2016-02-22,0.999905080716431,-0.162076121449273,5.03832502061315,5.14199538934228,3.41647763515459,22.1560883616183,338.284591649068,11.1079832828999
2016-02-23,0.999905080716431,0.00483428379180216,5.58227221564284,6.72527257324848,4.79580350020824,27.4459808634774,310.870548969879,8.61995592095411
2016-02-24,0.934393694474769,-0.0942129631095141,5.52656838699308,5.57586417282068,2.96952563607526,27.9172707033988,311.797677194966,16.8121826587111
2016-02-25,0.99863051463792,-1.33290656408342,4.76657419356062,5.83338209436765,3.47709039839095,55.4761801550831,276.579337805266,0
2016-02-26,0.953442816183879,0.283047467425942,2.52717620580298,4.46931062574306,2.10781284126363,64.765910084555,282.842879421794,0
2016-02-27,0.844725654480101,-0.413518195593346,0.859406958594709,2.04311404644191,0.233949844186276,35.652353818021,301.631902120387,0
2016-02-28,0.999375088120769,-2.81238880458775,-0.0270578274094153,3.11094407026195,0.373932959632723,45.8695065267129,307.65685030575,0
2016-02-29,0.817987714536145,-1.07191570072815,2.12832129688288,5.55120234092911,3.14694918205284,49.6865010712836,310.363573504922,6.15897036725513
2016-03-01,0.905254604911342,-1.39999393100072,3.6133268091907,6.44824976832168,3.98510700000636,24.8364762828732,332.186272501265,8.7662729639385
2016-03-02,0.999905080716431,-1.21036132927254,3.3747328385008,6.67214394891549,4.6648040384649,49.2466076969353,317.384295441644,1.38718082416194
2016-03-03,0.938045800660258,1.10657986639271,2.0896417116336,6.12509657132582,3.68909216759776,44.6785352220179,315.966335610468,0
2016-03-04,0.93428929024373,0.403297961565487,2.51787319694108,5.38698163133449,3.08825228494066,34.068721933528,312.049076490949,17.313085018553
2016-03-05,0.939081837749238,-0.958908344526844,6.62771626282018,4.25143656767278,2.10781284126363,70.1950780795935,273.403980858465,3.57360704454606
2016-03-06,0.593934380590637,1.37822362405744,0.757175306110655,3.07365583635177,-0.684925221914736,72.0610083119894,247.019398495134,0
2016-03-07,0.700600637412082,0.698566953601685,-2.52243143325665,0.199309926742395,-4.76148993974286,113.692797957011,238.565343526341,0
2016-03-08,0.724171106016448,1.01510572379008,1.62737548511175,0.540521648511206,-3.31414865687141,81.6666367132998,290.82805587487,5.13603401531237
2016-03-09,0.958637981139256,0.427453898028447,2.6938799574113,3.57013790823182,0.745585764770369,23.0494931414006,318.421714035503,19.724963811531
2016-03-10,0.859003866566704,-0.697831289608545,2.63518817667479,4.76955484105255,3.09420303952274,77.1925991672017,295.85254346707,0
2016-03-11,0.942331248582852,0.0797890324892386,0.717897515709768,3.76303015651208,1.51918338893196,107.769538499224,258.952700385343,0
2016-03-12,0.483868616256915,1.72726122709028,-0.87303139829857,2.75084583057965,-2.24746560993536,87.2337932821822,276.790622897135,1.38809165715269
2016-03-13,0.761827655751385,3.19157972502707,4.6098589631577,5.09048230353931,1.63645220608787,101.70070433941,280.180400337574,3.52289121545937
2016-03-14,0.945928387477714,1.88241469052381,4.00982986479104,6.43576241080681,2.56183398092682,27.7158532538645,312.642118972956,10.9188375413358
2016-03-15,0.758615758863104,1.3390121390808,5.84745550890285,5.85756055354784,2.96576228600488,121.051425953978,246.513126390587,0
2016-03-16,0.460034533960142,1.33325126967468,-2.0398779567154,3.43390335135783,-3.2147660213068,142.669336026457,233.128200459481,0
2016-03-17,0.0749094726783372,-0.44452103168747,0.979856416434656,1.4796582847335,-2.70060976630386,105.553772544507,269.678390140687,0
2016-03-18,0.715383118698695,-1.07191570072815,2.34923430956408,3.36396408290369,-0.698390233876371,58.0014317685949,291.545993413924,1.00548862187548
2016-03-19,0.899832431853344,-2.51822263563892,2.15014036015073,3.93258251500341,-0.0673111736793793,133.623350690516,254.734462268659,0
2016-03-20,0.707355746038471,-0.598692101144539,-1.03887918278819,1.67273387003743,-3.0670334263579,120.3044300268,266.130358453265,1.12035247320541
2016-03-21,0.945617957290502,0.970837053893199,-1.27220290368176,2.61368568189536,-2.02598735661246,108.866106193059,271.850074310286,1.67150949585205
2016-03-22,0.539334989117041,0.718258863668894,-3.39428761015332,3.41481053083515,-2.44976886163711,118.951116695028,262.382491579043,1.26633995456445
2016-03-23,0.781780840954356,-2.64074212748463,-1.08213138369757,1.90905669330138,-2.33043140553531,68.6416956884332,291.54459164059,6.71891052452747
2016-03-24,0.72192763199282,-1.45071513997004,0.31883918341187,3.12572862381556,0.946875514784134,63.9583527076407,289.221400250944,4.0410910266192
2016-03-25,0.852637817013567,-0.724673933881242,-2.77177088618751,3.44086335188602,1.4432071897673,173.126029813474,241.888184065869,0
2016-03-26,0.151868069305719,-0.0427269272861335,-0.567033459984002,3.84950812750197,-0.62412610098414,110.885192786329,282.644273623241,0
2016-03-27,0.998140328471848,-1.54145611238877,0.456302453708814,4.26553308330423,0.298172903581804,106.643472725582,290.563779048806,0
2016-03-28,0.724171106016448,-0.144382531793085,-0.207582154537452,5.1679520529678,1.58558182394181,113.23028426147,273.851148484324,0
2016-03-29,0.368452821025067,0.515517550916425,-2.68025959750726,5.85675715293054,0.450635751099445,157.174146645918,252.610262352264,0
2016-03-30,0.466217252921037,-1.78840256722784,-2.70249056382695,2.80271019334088,-3.65000943978435,164.242051007226,226.557416578122,0
2016-03-31,0.285882347995269,-0.658148374517447,-3.81186205410082,0.694233846149693,-8.69929920898196,199.361976885386,208.637556537345,0
2016-04-01,0.149118723306794,0.914728219209338,-2.16918556754177,0.616223846532622,-8.06507657297153,183.459570872971,241.84073682313,0
2016-04-02,0.666223474412765,-0.809570879707777,-2.7643175190449,1.45340669205656,-6.02245548312468,157.316824388726,245.401899354536,0
2016-04-03,0.444817856887907,-0.185775282356067,-1.76678479857949,1.40651785245275,-5.45181228148114,197.260462458575,230.676843421562,0
2016-04-04,0.0559389511427776,0.435432238088331,1.87527164621372,2.25796265556785,-3.21149083475316,144.758879654846,264.157021399422,1.32718629666996
2016-04-05,0.626988953426567,-0.38241791140965,2.63455103564512,2.89232693622418,-0.948574008990788,161.282056195395,260.799924672641,1.4576500321476
2016-04-06,0.889597471414987,-2.00076780539153,0.952847722948902,2.88640697700089,-2.51940321340872,144.098162990174,273.233212121926,2.79801541029977
2016-04-07,0.949035181851585,-2.64307733198432,-0.653031837330649,3.05217974372682,-2.3156024408466,90.8571816311551,295.679480041542,3.65040886729255
2016-04-08,0.999905080716431,-0.172562982992394,-4.26512360993352,3.10562521725594,-1.04989842501579,124.431286083603,282.599213834565,1.17358064030926
2016-04-09,0.854533012371014,2.80071741819029,-0.252417971197162,3.92221981350547,-2.62163279581649,209.764985019091,235.146476423891,0
2016-04-10,0.272825014697629,1.16289775447976,0.291284373193082,2.2248198170187,-2.68959320761441,219.658927720859,232.182696838148,0
2016-04-11,0.448632464041348,-2.06429967956196,0.142824195848372,3.38197457664283,-2.76144717869919,82.5662577311351,293.020865240065,8.7892841400383
2016-04-12,0.943249034556149,-3.5570206226241,1.50820561672095,5.16524192257597,1.64613146114885,84.401159938513,334.194386647501,11.8713317387974
2016-04-13,0.958636952687563,-1.89018832442471,1.94296677530507,8.55622046464539,5.56641190794074,30.2849713744173,338.967425476987,15.730248336181
2016-04-14,0.964197331208783,0.374136439094791,1.93492289103066,6.93929561858948,5.09388524430526,206.237362526789,278.610538725598,1.89114095773467
2016-04-15,0.460100554012801,2.57233356344514,1.96708382069499,8.1275777150903,2.16104499298513,120.464840931785,305.392645821315,0
2016-04-16,0.98502390579155,1.18937143517545,3.55672718221183,8.17140875159696,5.09737353525649,94.1534256129497,326.896920669158,2.53855265444074
2016-04-17,0.945957139491702,-0.236383403339883,2.86057480354404,9.23517032859588,6.10461908732155,82.4582259755114,305.637725789117,4.59375119847431
2016-04-18,0.471226965366445,2.23892942485862,3.29636852867778,7.7245675442023,4.29889847491804,68.4857090546193,313.548454066069,3.7783233123166
2016-04-19,0.912997821345524,0.12410353007861,4.25221444505214,8.90395716464568,6.1981527086381,180.499392899662,294.430124441932,0
2016-04-20,0.608801077062236,2.38404432141466,3.84625464280194,9.58745685464913,4.63355115465303,243.405489346966,260.141288796201,0
2016-04-21,0.153634320098849,2.42304086971166,0.788354777348226,9.20947608046349,2.25741913380456,245.186166947889,259.386553458697,0
2016-04-22,0.599634576778142,1.5889047647431,1.87854281461827,9.02665611205348,2.03589183851684,213.474054956203,277.755585789451,0
2016-04-23,0.585974130359366,1.34721631932668,3.59029415894347,9.04458407673031,3.60837670680178,172.348785799263,295.331652564505,0
2016-04-24,0.773051107310684,0.736716934574541,3.3255316668761,9.62912206386939,5.19879846231493,143.947599508313,315.339483806179,0
2016-04-25,0.989152393723049,0.484610836300619,1.7130521410012,9.08015691150378,5.45351252477871,121.219802795121,321.722596237619,5.16796158823158
2016-04-26,0.961744294076374,-0.907203898359672,-1.21156443689475,9.95817870170486,6.75920263424112,92.1005360599224,329.389108731268,6.33943597292563
2016-04-27,0.997455587781676,-2.63268978779714,-2.52271841964461,9.26483219211324,5.96803653189319,141.664906393522,328.493796904237,1.23776648010474
2016-04-28,0.973949065808202,-2.02983340802716,-2.75505894776304,10.8502369483151,5.02810197591431,78.944253518945,342.095144674935,4.01031228362572
2016-04-29,0.997728912894591,-1.28376798098146,-2.95255306572786,9.45576595115414,6.12115268995675,78.7982079708328,347.878036017364,4.65773843439688
2016-04-30,0.957751920114928,-1.3251517637874,-2.4661227677506,11.0245661721801,8.11600041910314,140.971663811652,336.970342930528,1.11147721809524
2016-05-01,0.843612784372802,-1.71718857874735,-1.35954675001793,12.770407991338,7.58106393672886,176.786851947119,316.003864737807,0
2016-05-02,0.641858962620307,-1.80642149388439,-0.663226048406886,12.0883424252636,5.35648284443949,238.671756014398,285.697267939332,0
2016-05-03,0.242285874547557,-0.63569754412523,-1.07102044865953,11.5279745955851,3.62855715438944,234.052566124475,287.744621468181,0
2016-05-04,0.645838763163342,0.893892491495657,1.97797203799581,11.8710853226127,4.89689400705356,179.270889100367,300.906970107625,2.5599135355959
2016-05-05,0.866003728997233,1.11003989401252,-1.65997644637475,10.3798601711461,4.89742936156241,209.764985019091,299.655522610001,0
2016-05-06,0.536904430336609,1.94661808099819,2.3686861381512,9.81009211503097,3.60275673518656,275.381550105116,258.648838506985,0
2016-05-07,0.315842090214129,3.01250960732734,1.95263631309057,10.0775517963738,1.41008053900271,122.727740368843,313.539497869414,7.7293350598344
2016-05-08,0.999905080716431,-0.0836383927460662,3.55672718221183,9.35539051951524,5.63593017800518,101.488221893706,340.37710763378,5.5843733904489
2016-05-09,0.874702545771304,-0.146675654148268,3.11251238253416,10.29782883312,8.05685709105756,86.8016117541905,311.918349611044,7.26884599797567
2016-05-10,0.739274115871406,-0.626470229202611,3.27360508555185,8.04946893666239,5.07039380927526,147.998314347888,305.300030767303,9.58069403668832
2016-05-11,0.839007763345164,-1.32608468773779,1.70292713654073,8.71805970158517,5.07700514964365,206.689640130942,290.439247892683,1.99971587154995
2016-05-12,0.622393937067958,0.0484317247118526,1.27919509855055,8.92806264488385,3.35992726867564,281.35057902151,268.813353361107,0
2016-05-13,0.307220682827553,0.88974921807473,2.22296334030653,10.1347547596051,4.67650568997551,91.6354076496749,328.055961237181,11.752802780576
2016-05-14,0.99537466172115,-1.85243926062807,2.24070259124538,10.88408013302,7.56357859336488,151.190670823193,321.870441736384,7.41914263261673
2016-05-15,0.683626731098016,-0.767800680353418,3.48409587424413,11.0784508813743,8.20960324962229,131.844417023649,325.541682282394,10.6980680776398
2016-05-16,0.825367052269737,-0.416806233287693,2.91134238133108,10.9368922687137,8.06586462600206,191.390108217536,300.814766977933,5.7607454581883
2016-05-17,0.564779572876757,1.85352466525607,5.20234897726442,9.62838084441027,5.75111923858096,280.922966267905,278.345382554721,0
2016-05-18,0.529719504979224,1.96719487846117,3.64220576781934,11.1057749713001,5.18022371609833,283.845246990282,277.998970185112,0
2016-05-19,0.259945539738872,1.87906667602376,2.17815199573548,11.8606075633376,5.12080390847163,296.379750129071,269.116035337646,0
2016-05-20,0.0633244431820746,1.176229460709,2.61320944295963,11.7362903824886,5.13158850030437,275.169394402798,286.759542874346,0
2016-05-21,0.378981365740324,0.111115627116982,1.23307985715476,13.5493902874952,6.71423598697447,274.086204575237,317.722944707529,0
2016-05-22,0.876050553881117,-1.37689992525072,0.974424204388332,17.2069938978885,10.1263318076109,260.072441109628,338.034076557078,0
2016-05-23,0.193838824531588,-0.678954406149045,0.559872614966682,19.5270055307629,12.204242751365,276.254471389029,328.440049362285,0
2016-05-24,0.479945360086139,-3.97836064149729,-0.252417971197162,19.7856491161762,10.4773182541629,248.684177742338,313.394165017845,0
2016-05-25,0.726665418469846,-4.02125638601434,-0.322079104411925,16.3271318743114,5.57139148575596,332.344336688444,271.135065409876,0
2016-05-26,0.411280697615482,-1.77548357710463,-0.278026014644424,15.8734180629755,5.00319666158436,332.344336688444,278.173649318838,0
2016-05-27,0.181352850922133,0.901320626525768,1.37105550541397,16.7471779753201,7.04148798866308,329.534889747376,287.126857051002,0
2016-05-28,0.010673901043909,0.111802786277121,0.942975789327902,18.672420600519,9.81728518698405,324.988106353795,293.143828291946,0
2016-05-29,0.118828703455293,0.396347143625418,2.24463776575766,18.421174771528,9.25381651155193,259.107822746798,324.047624164582,0
2016-05-30,0.531999118520487,0.49954413137241,2.4657674946494,16.3401038857466,11.3580562963628,265.049376779981,320.583702548243,0
2016-05-31,0.632017988983696,1.29467583233378,0.582100609556276,17.4089100950265,10.6430725254333,260.035309629174,313.239001124727,2.80552909664012
2017-02-01,0.965163555165696,-0.322732218222367,3.1398348350705,2.04322324168821,-0.443145536064683,19.9505535971042,307.151352447709,1.68527980481405
2017-02-02,0.99578094096425,-1.29582770737218,2.6027020564545,1.94161880715788,-0.0938808836138461,22.1390337651788,313.712754782702,1.5145265118851
2017-02-03,0.995145923595128,-1.58804408134083,0.490995380091332,2.90430872255117,1.04835475157494,19.6043529182556,319.411774282536,6.60588200329333
2017-02-04,0.999905080716431,-2.22747207186549,0.315543198478772,3.46768400736097,2.05935111707316,19.6879310419141,314.352013732632,8.1679744112984
2017-02-05,0.999905080716431,-4.15736261625557,0.681215581575552,2.81210780761387,1.04835475157494,22.750524165045,300.729066713949,5.23991481531639
2017-02-06,0.983811636150721,-4.20865480510228,-0.405498903655033,0.994422545151484,-1.63743975385052,21.248963548043,296.055827223199,5.5843733904489
2017-02-07,0.998191353108222,-3.5292325630566,2.14075335889184,0.201720496688191,-3.02445483036469,35.695359217717,260.141288796201,0
2017-02-08,0.950786942473217,-1.07318037608945,1.35356869946588,-2.51505519746532,-5.68789588573279,40.3282902051144,260.547010171061,0
2017-02-09,0.669272481532826,-0.238126420534429,2.5901213844389,-1.61217405471554,-4.7333697701551,45.1403203614879,235.980175402602,0
2017-02-10,0.479945360086139,-0.686214908323177,1.37105550541397,-4.02815795328839,-7.03274347070638,51.3914412142582,218.140577017239,0
2017-02-11,0.557367750326153,-2.27509331130476,0.115573282342005,-6.05729177072909,-9.50519494621906,28.0065358189674,268.11665370991,1.00815547406435
2017-02-12,0.986905453253998,-3.26394540248023,-0.683924891353527,-4.36990066908697,-7.97633746476811,47.2958578681329,252.458179183425,0
2017-02-13,0.859053340530434,-2.19813038068749,-1.66329115277225,-5.78629703867523,-9.41787729763299,46.2229138083911,252.773372484083,0
2017-02-14,0.785351686090056,-2.90215606950293,-1.13189632501791,-4.29517088773041,-7.55438789754085,36.0541460617566,259.158370059007,0
2017-02-15,0.950868191843937,-3.01992201350039,-3.46805069629271,-4.90827662896015,-8.86613220454773,57.1354282716223,229.659162938702,0
2017-02-16,0.490677532766484,-0.937435892371875,-3.69336407584487,-6.05729177072909,-9.58005921724995,31.8524909691801,272.43253156473,2.88737500418327
2017-02-17,0.977534961032049,-0.979315770292525,-2.96973222269231,-3.93565680584271,-6.68610012226289,33.0903846875053,294.884708915586,2.09173667244723
2017-02-18,0.959371569274279,-0.885052193986943,-0.292465656853317,-0.14699868650153,-2.6187957743803,22.6057833615891,297.75369407078,7.93510204104951
2017-02-19,0.920767915979963,-1.3375385386231,2.08035169480797,0.93613987460512,-0.669239387165536,63.7919748858688,279.913228695993,0
2017-02-20,0.813049529701561,0.204722799023396,1.95509177632569,1.79993813199134,-0.0300869901391174,38.5446847906012,296.015885424405,4.91641153423046
2017-02-21,0.68216718881677,2.61331110548925,4.94323747398989,4.96652898937962,2.29414611919506,67.4713939075862,254.598491678874,0
2017-02-22,0.953538366597192,2.09163242722216,3.78542400307589,3.08017066009411,-0.0836041935801066,27.7046592466579,309.347218981858,5.63354774988599
2017-02-23,0.998962586651837,-1.50579695541212,-1.13213276551139,2.27372291524652,0.609393253247865,58.0994457287797,276.562608837121,0
2017-02-24,0.904920323589276,1.10639165004269,-2.46175878995177,1.35560628218754,-2.17540601470235,92.7660841022971,219.345599760179,0
2017-02-25,0.0614780652584443,0.966766059126978,-0.392601107022878,-3.00863818046268,-6.59835153584724,86.9839294851604,229.591230436605,0
2017-02-26,0.707409494421874,-0.459128544383043,-0.705742235196811,-4.23618768239041,-7.33330159695191,52.0136970286561,265.806144950394,0
2017-02-27,0.760361530726371,-0.291233445117867,-1.52899421001981,-1.85174908005017,-4.72230674900078,58.4237578868716,267.569606387771,0
2017-02-28,0.698141650226321,-1.39995322503999,-1.5028669362582,-0.756397368166673,-3.93262258055805,89.5914069865122,231.831655974888,0
2017-03-01,0.390332267823348,-2.11480849058196,-2.59124930285533,-4.43056813296309,-8.60090669077144,94.0465216321525,205.972300981346,0
2017-03-02,0.261025983522738,-1.27242726945543,-2.7643175190449,-7.6140649082722,-11.3175005985028,108.379347182348,198.28811990115,0
2017-03-03,0.135919257800914,0.0230088423239508,1.1244854009722,-7.39550643094501,-10.6745982412247,75.8815151986183,238.420776148614,0
2017-03-04,0.578077017575383,0.490022985595495,0.0608158447027334,-5.6937788627103,-8.9218992134823,114.406547118188,217.930725250312,0
2017-03-05,0.345379525066753,1.1096650432946,-0.983299338644559,-3.2241535230986,-7.80962823996575,48.8560879992168,284.017246590906,3.35850369599318
2017-03-06,0.997343140748296,0.908185900777991,4.22813874432564,0.671067936506076,-1.34945791282171,39.3456534624131,297.875383295388,8.24295514883228
2017-03-07,0.69243513104406,0.424258561391012,-2.75505894776304,3.42889520908346,-0.961895088071195,123.841963372142,220.983806190194,0
2017-03-08,0.466926433444124,0.85527732970346,-0.636555739848493,-0.442827169210996,-6.5835820479276,111.96165055323,244.823702379082,0
2017-03-09,0.476797948837189,0.911907960066681,1.9677707283404,0.224220551263332,-3.1386078330354,75.1881501793448,282.64435449602,0
2017-03-10,0.769300775693923,1.44980447745014,5.4675467635544,3.76303015651208,1.05613433144787,54.5470890268053,306.403610852327,0
2017-03-11,0.97671494581718,0.38942211406691,6.09492154319274,6.27518382805424,2.90730446202984,41.1414416349267,315.663766572959,2.14121899039295
2017-03-12,0.812570860095559,-0.103267758135058,5.0649814928234,5.56723870798911,2.80330063410436,81.253934041603,286.367324124515,0
2017-03-13,0.750929631676747,-0.0181171158016863,2.45479505636317,3.49560366383693,0.903609420533793,60.7425912843571,278.245438951964,3.5270473803486
2017-03-14,0.706750475989126,0.349574871204923,1.51132380903087,2.41679733568046,-0.28990246171614,98.5972801552169,279.911829916569,0
2017-03-15,0.811889533370418,1.88952618954551,3.99634398531551,5.02943481470356,2.22043082127316,46.3965117024307,291.875484534917,3.35706222829933
2017-03-16,0.484435562331696,1.65143886894219,-1.3226400551694,4.76969374455655,0.917247960782698,144.098162990174,227.680139574902,0
2017-03-17,0.159519290796701,-0.0956069100714645,-0.465524623228373,2.22284887887085,-3.32994601360207,147.919455461233,229.360482364294,0
2017-03-18,0.033333849220068,-1.76989887561358,-0.359910684303903,1.62447648069794,-4.11367499200237,146.722979304718,241.133915833108,0
2017-03-19,0.359932979434282,-2.08300727773813,-2.41726804283669,2.16262726678226,-3.49757972350492,71.9556686248882,280.180400337574,1.23776648010474
2017-03-20,0.920460702169213,-2.22645225284963,-2.12087490346233,1.89546387302193,-1.41075112447879,73.6310724571701,293.143828291946,1.5206755436497
2017-03-21,0.958044321502205,-2.70909632407566,-1.86718023666308,3.01828511571427,-0.62476791271579,55.3728853534096,303.322807317361,1.45510417436571
2017-03-22,0.999905080716431,-2.77212385705928,-2.20874018162853,3.28331410581718,-0.316870079986192,38.5999944477713,313.548454066069,8.25926090572802
2017-03-23,0.997890787461174,-2.55433052270125,-1.98815863441496,3.26219724723964,1.34543778740089,76.4902809292387,304.607645330503,1.1881966795376
2017-03-24,0.885253769843233,-1.74511403279268,-0.489629768915029,4.03734969447003,1.52481621715466,92.8786078239276,296.895237204034,0
2017-03-25,0.973991124693616,-1.57552315808206,-0.316391737120244,3.54263850238051,0.287327155526898,52.7532782441581,303.602631302037,6.53026122399165
2017-03-26,0.991689599106783,-2.33383991965894,-0.176181884087515,2.91585486454818,0.869905106890656,65.6602344631186,303.094860679414,3.68144199729251
2017-03-27,0.985457639380652,-1.92220256000093,0.543938230108822,3.04383495288981,0.237922668827591,72.6285346824978,301.389604846535,3.61852404269774
2017-03-28,0.999905080716431,-3.55060418169977,-0.558304330889777,2.96982325790131,-0.125942821963989,29.0186956577245,314.352013732632,17.7877153711616
2017-03-29,0.999905080716431,-3.0775407414349,-2.60021014312208,3.14027140992836,1.19103218794121,54.8298738362633,318.092191224731,5.8606460582773
2017-03-30,0.998824544184712,-2.66801572811096,-3.52798053535602,4.03104821887576,1.42655702846556,96.3373865601787,296.015885424405,0
2017-03-31,0.880627638047531,-2.34344450906222,-2.7042435863842,3.06337453302797,-2.02598735661246,181.436882542122,245.482918969641,0
2017-04-01,0.379962422371685,-1.61440644254684,-1.62171927078381,0.39725493812702,-4.94060187409984,196.586423150109,223.112588797849,0
2017-04-02,0.0554679600242604,-0.160045859517754,-0.489629768915029,0.205137214130589,-5.5895077380895,180.922105759879,255.225353960848,0
2017-04-03,0.546544921874959,1.04630585351533,0.322218627374038,2.62619396011798,-1.79663234958217,188.82858610661,263.343809310108,0
2017-04-04,0.885889825486221,1.241507833124,0.103630176965779,4.86245728860193,-0.434193838470768,133.289471547669,286.435570102227,0
2017-04-05,0.773071612748736,0.820003367242211,2.00548539523318,5.11935960557898,1.47976876587736,169.911915444936,282.760160705473,0
2017-04-06,0.486070978083607,0.352961903941594,-3.29397501723516,7.41368975114135,1.32107967087807,206.476678694928,233.17240204659,0
2017-04-07,0.164184821255935,-0.410575469857322,-4.09045822606228,4.54611634748594,-4.06475047648206,209.648579658676,245.625062645206,0
2017-04-08,0.635417139615503,0.482331374045607,1.62235924827169,3.807381330738,-1.34644156389391,206.50037684599,267.404912176781,0
2017-04-09,0.590061430041413,0.384169856455021,-1.76072629967968,6.67825562547051,0.54479668907303,212.893353275167,252.631430535317,0
2017-04-10,0.526850376582668,1.26541968710538,1.47608737139907,6.02685132316826,-0.143338809984909,185.64244629777,273.731809370573,1.85802310121054
2017-04-11,0.677185415677177,0.474941378445738,-2.12824691386814,6.18724282554127,1.19887041941728,107.769538499224,294.581330127616,5.91481154480515
2017-04-12,0.977534961032049,0.026524349802792,-3.26304380540338,3.98048681830193,0.287327155526898,132.810195347224,291.763157293629,3.7783233123166
2017-04-13,0.704861031471024,-1.82698679245401,-1.39815431818782,4.8617937716596,1.07989391075336,120.055675442658,291.078525583205,0
2017-04-14,0.807792882583855,-2.38380305096715,-1.67210737472033,5.13740023188955,0.0294155205096013,125.542353860114,286.808352711063,1.94516360347493
2017-04-15,0.893255962152246,-3.13031238867581,-2.23566168300198,4.85203978544458,0.165766845317339,158.531910458715,288.451529000789,1.1436700656734
2017-04-16,0.72065503357386,-1.61672460006303,-0.793894255498455,4.9758506769993,0.203029187807685,158.850272022658,287.831941126698,0
2017-04-17,0.927943247951002,-1.6755705582533,-1.61633444547722,6.11005088210855,-0.552864536305774,215.424999311622,255.595690188916,0
2017-04-18,0.256827280647466,0.828550206606353,-1.87517038681684,5.59366090468038,-1.89441790895941,251.610787293883,235.38646474536,0
2017-04-19,0.0730747907551738,-0.185775282356067,-2.15598131241764,5.8994031910347,-2.49249558532573,246.345901268287,242.327028496934,0
2017-04-20,0.376995648790887,-0.296812430771864,-2.23566168300198,6.34960794409866,-1.74184222872618,230.768683655744,252.337267174147,0
2017-04-21,0.124913323127058,-0.075145186059244,-1.11578857794157,6.44345588491008,-1.17462709448858,194.372885347519,276.072930649163,0
2017-04-22,0.938662647460694,-0.66373674579007,1.18585135460907,7.43758046298387,0.641634940323,193.145453834835,293.143828291946,1.54418030916212
2017-04-23,0.79745703074447,-0.948819054356546,3.81384079805987,9.19538522968585,3.24749054692444,187.681908868016,300.436466456332,3.56071970332068
2017-04-24,0.680007137848785,-2.30251785403072,3.43965923105538,9.56853388184314,3.12485391185329,101.49626628783,315.548224205364,7.47776626164754
2017-04-25,0.897431260741852,-1.70275596523507,1.19545562581443,7.7391937351506,4.83800327599741,54.8186006401073,326.361880008176,8.38187455746355
2017-04-26,0.928112723796166,-2.03358728364887,0.0511665310673231,7.71155437032876,5.30851202079464,125.340569962836,312.822285696829,5.04781210099128
2017-04-27,0.808225918455198,-1.47978011224068,0.103630176965779,9.04259688599517,5.67219377846205,41.9650041407254,325.132826701965,18.8718461504992
2017-04-28,0.876363616139052,-0.442348408150617,-2.08696351584498,6.34925527510836,4.29889847491804,233.463467818109,284.595433230274,0
2017-04-29,0.356760680482963,0.344959605876051,0.147890718724602,9.7372405913416,4.5534882876851,117.308837528728,314.496526127601,4.76904313627323
2017-04-30,0.949095994150411,-3.0282385585685,-2.49733855686356,10.0723162388328,6.08403913575061,34.3246288793211,353.189754026783,12.4598495853785
2017-05-01,0.99453882274201,-1.55544029401335,0.425723018644272,9.6088192677983,7.63950808822415,113.853340655808,332.578623548716,0
2017-05-02,0.743069578851938,1.11877654372562,0.0221254552027123,10.5091932031105,7.20569745957451,161.870516638607,323.841829336713,0
2017-05-03,0.653503534933511,0.270405315130348,-1.07102044865953,12.4256538525875,7.63206509316284,179.247945457087,309.434814628198,0
2017-05-04,0.573975838899377,0.252003633903609,-2.00175310598828,11.8898930636448,6.29641726325368,159.025936916121,288.84704469416,4.75743567530984
2017-05-05,0.488318150308167,0.20239377620895,-5.3591871923707,8.81071455406806,0.277612860461404,256.651416100953,277.182594254252,0
2017-05-06,0.731346501858134,0.842278801294465,-0.184943384711727,9.92443246485938,2.48007194382313,161.977732391938,300.977218414332,0
2017-05-07,0.617766228496994,-0.493475313345989,-3.73143738316002,9.69655250437683,1.6135987290257,292.3257355548,250.416380236194,0
2017-05-08,0.247775868015891,0.852972854407602,-0.822926560694927,9.2760245754214,1.37047479011204,276.612525291426,271.428770765247,0
2017-05-09,0.36186786127888,1.5543553318359,-0.516666496137955,11.2377441039289,3.17850931231142,281.292929210496,265.41768885844,0
2017-05-10,0.295617568575407,2.78939151630291,0.0199904404963849,11.2654669879943,1.32057672954583,282.601794266366,259.208049992121,0
2017-05-11,0.495055592892627,2.61513345929284,-1.08602872795153,10.574382464868,-0.312123421607653,216.244065044115,287.553618720735,0
2017-05-12,0.655278972104674,3.24669352688127,1.84217135013515,11.1931859312459,4.14421831775192,179.257936544763,291.460816783052,1.56878722923791
2017-05-13,0.436977303366039,2.77656491884497,1.37409148889427,9.26087534591475,3.09623767503753,202.178601147224,277.017689428976,2.47997557081074
2017-05-14,0.838961215849516,1.84815511436159,-3.42939867912465,7.83225580575812,0.0109899744211751,252.643445528582,260.007649188993,0
2017-05-15,0.770716122376006,1.14269340132984,-1.74665905432519,8.6674922722162,-1.25173138542323,284.305440083133,252.56864844519,0
2017-05-16,0.429578383794956,1.08641360208343,0.645029302518286,8.92848552492331,-0.374877269969736,298.778172392976,253.699925372727,0
2017-05-17,0.262879842368131,1.11901250057826,2.62331977065117,9.08879450252944,1.63454571237344,200.324892610191,294.934261248236,1.14449610168681
2017-05-18,0.984878438279149,1.90885029461134,3.67851304859391,9.5476950449403,4.15574181009379,212.894534877608,295.402139987572,0
2017-05-19,0.406759166397575,0.664529104952065,-0.618394418971054,10.8971682847944,5.11300574498124,273.287464759399,286.113346455068,0
2017-05-20,0.272730895892233,-0.0474912992231043,-1.66212484522128,12.9190278345085,4.52544234900373,313.840038782866,271.816562144096,0
2017-05-21,0.145141758693055,-0.298079089578824,-1.75694954496008,13.4750607405163,3.68303998552558,243.91740724566,282.705605964061,0
2017-05-22,0.488318150308167,-1.28597027997925,-1.83034832265481,10.8274928903142,0.800541723554002,315.519918546956,267.862807804826,0
2017-05-23,0.304538647135037,-0.428666479462395,-2.21250253954833,11.6214095140436,1.59274957428284,199.31749235508,326.118434284746,0
2017-05-24,0.739372218786323,-0.0430487695051995,-1.547699718788,14.0051825803256,6.10461908732155,220.477054700559,317.614790524846,0
2017-05-25,0.476661377652746,0.0174330889695683,1.02371226218734,15.2837268342521,7.39337302664825,212.160588945109,312.751287968055,2.39399720093947
2017-05-26,0.76102820145874,-1.77715536299377,1.28594495728825,13.0931373533686,7.00168908318404,183.15418802064,311.859627435969,1.87174878047088
2017-05-27,0.93428929024373,-2.27345796335525,-1.14649937954659,13.0765587458704,6.35465633826066,171.641117453851,316.90391746164,1.89114095773467
2017-05-28,0.891118119925832,0.452774010861752,0.492240298668548,12.090295395545,7.58649593436588,246.952022772726,312.391797208403,3.22474110150033
2017-05-29,0.66293827965179,0.251799548105249,1.35962861397219,13.2045242268777,8.6017186664245,153.360200825098,327.187327235758,8.47370650629604
2017-05-30,0.80725675870664,-0.6728648803015,-0.526117069116862,12.769703369074,9.82226013364736,134.243753303792,321.974314051498,9.69767705463945
2017-05-31,0.534443267789579,0.00147254635449357,-1.16673582483895,11.293106513085,8.22522707638453,275.720622829082,302.956977571746,0
2018-02-01,0.970883383088221,-1.72399573058534,-1.40613885710461,1.72704643813482,-0.809726493225859,45.0717229323909,215.713318011507,0
2018-02-02,0.264476217345073,-1.68464748680898,-4.12788620049161,-6.06583232329781,-10.3498604489994,28.6957227049328,254.0740001724,2.51238721516154
2018-02-03,0.948096526738426,-1.41916770076967,-4.79650102272101,-5.07196797359389,-8.89391514562195,39.9086090909493,233.41680068422,0
2018-02-04,0.444817856887907,-1.21097010187724,-3.85428946402205,-5.82972447902057,-9.62345652733091,50.808080858175,187.281445209607,0
2018-02-05,0.124913323127058,-0.562371599059795,-1.52899421001981,-11.6169051897325,-14.3579519083386,44.3053787362169,208.938235892575,0
2018-02-06,0.955983224814792,-0.735308088837432,-1.33489370948768,-11.8555683412628,-14.7510733257067,42.2399896560446,230.050259710009,0
2018-02-07,0.865207419818233,-0.706625501536493,-1.61258056828368,-11.547608349483,-14.3911101806968,40.1379867198212,226.517415326665,0
2018-02-08,0.957846593427731,-0.897544344547931,-1.99310432688483,-11.8278871430635,-14.5155723413331,41.6789641156959,229.669457844856,0
2018-02-09,0.745467795188253,-1.17454367694559,-3.03754229041185,-11.0893603453406,-14.0065111093354,49.4289284428409,212.959182056711,0
2018-02-10,0.586750958140274,-1.76526879547667,-3.97897540073274,-10.7388699127377,-13.8313591304013,44.0066452633181,245.744632942042,0
2018-02-11,0.809438940258119,-2.21511383316147,-3.85268532637858,-7.52314398361904,-10.8948552488869,30.7573242366415,263.876939771838,0
2018-02-12,0.991910365194188,-2.34344450906222,-3.50742639607981,-6.22506475379859,-9.72864110519415,35.2354895863367,272.574385471208,3.03746534904053
2018-02-13,0.998881865464853,-2.5209119322365,-2.09771396122927,-4.12137704286811,-7.03274347070638,31.1765627675321,280.46578082075,2.21245397347469
2018-02-14,0.949035181851585,-3.04395545263295,0.150748749594251,-2.08547349011611,-5.50916515313774,29.4906393659388,280.258553187659,1.42026181863355
2018-02-15,0.986416575491381,-3.30164749602493,-0.346012693745894,-2.06416100107145,-5.29521403187689,28.9169763953923,288.25363056881,3.98939769332584
2018-02-16,0.985352324958217,-3.50058169956834,0.256238202668902,-0.819060656946524,-3.26720141868044,24.5563546718665,304.928263384176,20.5812429738851
2018-02-17,0.999138616041457,-3.21602212956811,2.84003010141549,2.12145506361141,0.0275563993746271,21.0357460516923,323.469070753047,15.1185897740341
2018-02-18,0.997409382832673,-0.924296085019235,3.34077245074884,4.34740377197739,2.61093221238528,47.2453904047453,301.612080683225,0
2018-02-19,0.861541732068584,0.828550206606353,2.80645021445415,3.63592947455702,1.80317281328883,26.6308267157929,307.975127155837,2.50313851871223
2018-02-20,0.991159884399557,-1.76526879547667,1.07625731036578,2.68767146714678,1.0147219306015,32.3775448709175,305.809715917272,4.76776450544599
2018-02-21,0.973031919389652,-1.07093685246851,-0.642908394671605,2.32075490913082,0.490843764283426,75.4726514017457,251.77188088294,0
2018-02-22,0.651495292491079,0.639491438872762,1.10290461808006,0.260347905016074,-1.91274406983329,29.3711131861112,300.287153668239,10.9516845395849
2018-02-23,0.999905080716431,-0.357698828743837,4.99274282118497,2.28259629892017,0.96391517634902,86.5196925059793,283.059001734166,3.95139297097823
2018-02-24,0.517242200947695,2.59651164927047,6.16371682984331,5.82318258257212,2.09736808154308,74.6222198363819,272.314243632767,1.26978696102831
2018-02-25,0.444817856887907,3.95737257553985,3.83215717819833,5.81843612879504,1.0147219306015,68.0715638084414,255.754828053764,3.15318994217161
2018-02-26,0.546544921874959,1.97021029467154,3.11306897758584,3.49560366383693,0.917247960782698,22.0741675829878,308.300470810531,15.1750366533702
2018-02-27,0.94288888656966,-0.488688517950269,4.71559040747879,4.51889924202751,2.86237574919439,43.49264161857,304.889805469032,5.05382778488909
2018-02-28,0.962201457781817,-0.0901042748412922,4.60467874975822,4.37182715489263,2.24230199606152,42.473784030841,308.336565561423,6.87170708962602
2018-03-01,0.990642634370264,-1.60522152297022,2.33690765684182,3.70605694973864,2.06002402842628,33.601057930921,309.164607347594,4.9923644937955
2018-03-02,0.982530787320752,-0.841829828613362,1.23292568415822,3.5156115177726,1.63454571237344,58.4223839701214,283.121850288656,0
2018-03-03,0.994451233187215,-1.44776223340558,-1.24140652926147,2.41038794832719,-0.294121614474128,68.9054775054374,259.33207155016,0
2018-03-04,0.775640709792886,0.0375968024049952,0.0989688763155838,0.591832909415263,-2.45002208231006,102.914718149254,227.488326410346,0
2018-03-05,0.0985806396152098,0.672952922853613,0.671031490802905,-1.13349933143459,-4.21838065347517,103.874291964663,246.498064891266,1.18569534035575
2018-03-06,0.803041622771924,-1.01190336016446,1.46624551108617,-0.90947975250417,-3.64480570872216,37.5560010183458,304.209740476713,10.289076195759
2018-03-07,0.99464888199617,-3.21566566947397,1.77676939376582,2.7485479072711,0.897622221401635,41.9650041407254,316.408471521436,12.612586640785
2018-03-08,0.995775636460388,-1.98312571847904,2.06137501710326,4.60849810785009,2.59294832497858,37.7603103860465,308.11571067768,4.50768347312374
2018-03-09,0.757660830910465,-0.553118307261357,2.4966483726857,3.81255105200662,2.23358073493888,107.439103742695,250.00528171595,0
2018-03-10,0.338226787372325,-0.678831925970375,0.347191460478939,1.93565070500025,-0.869667727567525,113.875657415863,258.955711604694,0
2018-03-11,0.795809346603958,-1.1820106703499,-2.18492416481142,2.20109539949032,-1.98360623628351,31.8524909691801,292.095837261566,4.76286038115446
2018-03-12,0.687266825158698,-0.841245613764459,-3.03754229041185,1.25344724696286,-1.1939395857991,130.375279606543,241.435674270465,0
2018-03-13,0.856880947308473,0.573863834515283,0.632733698285829,1.30891697521303,-2.92341563740019,137.761961749792,234.646122606877,0
2018-03-14,0.00150870503478209,1.11003989401252,-3.82509049384844,2.11905641659346,-3.93262258055805,129.110402096882,217.213891490586,0
2018-03-15,0.226918355805572,0.0371677589826221,-3.87097592732946,-1.37233706163136,-8.9913816771943,145.059095818866,202.006639071734,0
2018-03-16,0.00296935072172342,0.750221345171131,-2.13158955756028,-3.01036383272917,-10.1113280754507,127.933049219622,239.122907166204,0
2018-03-17,0.679475986313122,-0.155619879572052,-0.239062905821735,-1.62576953726136,-7.09417110658976,149.113206935793,219.487025344734,0
2018-03-18,0.486070978083607,-0.0062325580623215,-1.07911408235789,-1.37319520062582,-8.41264189167157,112.199877524677,259.733534251821,2.44193781025619
2018-03-19,0.734386210029908,0.879845220431043,0.588130610966601,-0.539724423814045,-4.38413387548033,157.174146645918,218.348815968868,0
2018-03-20,0.435954463393713,1.03465277632363,0.0117463739841051,-0.713929629519534,-7.20003961039213,161.282056195395,214.26181428756,0
2018-03-21,0.159530200294465,-0.635823216354954,0.23481467214734,-0.606236755093617,-7.14335845643044,152.177655637185,239.82705879966,0
2018-03-22,0.797183324285505,-1.56976507165782,-0.705742235196811,-0.389917638336005,-6.01948603613536,158.201388291975,232.10269145329,0
2018-03-23,0.491666254847614,-1.77715536299377,-0.6592506783116,-0.115839693189081,-5.477749600562,140.350281990153,251.403389810876,0
2018-03-24,0.355811754975097,-1.43703763057566,-1.28426950487016,0.616223846532622,-2.70060976630386,163.563785380667,249.79897919351,0
2018-03-25,0.0819448976152524,-1.60955228673401,-1.46743438478975,2.35977828339887,-1.58164769828825,170.008747899997,249.129195355481,0
2018-03-26,0.26665200948398,-1.49694438199504,-1.73225368756636,3.66276616265705,-0.335320444953768,140.971663811652,268.261594811785,0
2018-03-27,0.737059242815671,-2.96838423878599,-0.727456637308333,1.81713556379668,-1.40255934738397,70.0518379867047,289.516495093023,2.92928464003617
2018-03-28,0.99674487456376,-3.30276919943298,0.421841001893917,0.58152600524183,-3.50295407516168,65.4522692752051,288.874562082841,8.05257985398261
2018-03-29,0.999905080716431,-1.35542234790315,0.713868688658923,0.270644905600174,-2.50537859783697,162.509509419941,253.934384040435,6.85664739163727
2018-03-30,0.267163719944469,-0.256822367376861,-3.17722604329403,0.869151377237117,-4.08490527811691,170.137471692517,246.901745845147,0
2018-03-31,0.774071163360224,-0.598692101144539,0.769751042813576,0.628000452548424,-3.90560246110274,128.801569638907,271.856099563458,1.53487129035488
2018-04-01,0.933425785003065,-3.64702762993129,0.926750606825964,0.471852585584385,-3.6370921866172,71.2074347501155,285.319228019727,9.01377682867239
2018-04-02,0.998630979941359,-5.31387293486436,-0.82384149306248,-0.210518390962599,-3.99215978359802,48.4408714196772,298.708253702625,6.57964629455438
2018-04-03,0.999905080716431,-4.17942446264595,-1.7756204302986,0.773896907984625,-2.05923234471354,49.8708927247519,307.116536256419,16.2067037171851
2018-04-04,0.998966803450729,-2.86882529841977,-0.172821089618623,2.42008875239679,0.237922668827591,142.733271998658,273.582220620399,3.32182765429648
2018-04-05,0.504751499409862,0.125675336689013,-2.21250253954833,1.81713556379668,-1.99595828388065,200.69141563111,239.493253904878,0
2018-04-06,0.694476868903307,-0.176619562576305,0.255446425600406,1.50867327698859,-2.63076847582484,171.1390841619,264.832385129264,0
2018-04-07,0.864110788616857,-0.901635040388195,0.389819932200768,3.47545284986205,-1.73116076625464,159.025936916121,281.491322437533,0
2018-04-08,0.992994601975113,-2.36308314231819,0.104899045088289,3.807381330738,-0.146059958827174,116.708367500409,290.992225278184,0
2018-04-09,0.950507155713877,-2.54477708162114,-1.14989980697067,3.38132537546034,-0.640215456791008,98.0965341495239,297.523876009551,0
2018-04-10,0.983485749438887,-2.42460264282757,-2.85397706894884,3.45483915285805,-0.549540089761195,77.1670217919223,308.124004217253,5.26076138167378
2018-04-11,0.968961742150658,-1.81078090180251,-2.57855866473053,3.90440786158244,1.167959562633,71.9822327520294,316.498487493154,2.52914329352429
2018-04-12,0.989418751689961,-1.34427849500271,-2.71106730590783,5.04145015242538,1.790827888221,117.533999483813,308.375931893813,2.92826789211174
2018-04-13,0.803516891438642,-1.39394291372908,-2.38207071620619,6.15721043078977,2.68072159574253,70.6876179311173,319.69766892095,3.81091841079864
2018-04-14,0.94109647010341,-2.2122242569986,-2.4035732384471,6.03737520618409,3.21729755245413,92.2326859833321,317.076006574943,1.33774455372575
2018-04-15,0.998369728623569,-2.12458538994126,-2.95630704727153,6.79256702777435,3.26902677470101,139.822638346101,304.373484858904,1.94516360347493
2018-04-16,0.995462799785877,-2.51087252297564,-4.62769540218336,7.56120022666049,2.15071507936026,173.455829836369,275.06058203012,0
2018-04-17,0.618322248422075,-1.30923796018403,-3.85268532637858,5.27379560528722,-2.53657214949661,255.844099569258,221.38000612953,0
2018-04-18,0.124913323127058,-1.25708718416111,-2.03144945351987,4.25143656767278,-4.67394445595558,250.270004630728,236.637190462239,0
2018-04-19,0.462192888539253,-1.56951740949351,-1.79402109180465,4.23570294610897,-2.87701270384821,113.23028426147,298.122754570377,2.57896883275478
2018-04-20,0.954489433664684,-1.93955720929169,-2.00663267536918,3.80896997626183,-0.1427992033373,74.9513366251624,311.797677194966,6.68659575446901
2018-04-21,0.99674487456376,-3.97836064149729,-1.61382662479378,4.75436751306405,1.60707062982959,104.16871389887,309.348311672713,8.05790502116772
2018-04-22,0.91404110769987,-2.17403295892522,-2.0784798744052,5.27383710487085,2.02327568773524,147.822368864206,292.825379642956,0
2018-04-23,0.841531940573949,-1.29612337654608,-2.11511604374139,5.42672043163062,0.610509504194116,213.864788556225,271.000940637434,0
2018-04-24,0.496471917814605,-0.132712026870435,0.224074822141768,6.22214838140344,0.836394196424257,239.781571005717,262.691211639416,0
2018-04-25,0.172392013209538,-0.45201080917877,0.588130610966601,6.63531857448758,0.770079450776301,202.592514995953,279.573687626126,0
2018-04-26,0.764984010451556,1.48669619472013,5.37823603781313,6.97383835809108,2.39221733724235,70.1378602157702,302.96239752378,4.82499026075707
2018-04-27,0.499117586458432,2.45459468728697,4.43064089686131,6.96019272948886,3.04734357416195,267.684177785057,242.871600757596,0
2018-04-28,0.0495000572407938,3.59491258555554,-0.81704083294806,7.20719845795393,-1.7472149259993,277.348442843163,243.418233020823,0
2018-04-29,0.477740338993572,0.6813544102509,-1.56643722347564,7.10962797694759,-1.73431105061545,262.556334270756,264.750686843557,0
2018-04-30,0.622889040744759,0.102793746378798,2.27776188992954,7.11450059029678,1.66248350145701,132.703619813884,322.613587166056,0
2018-05-01,0.898523212571589,1.53317195843356,4.53100745767678,8.45087848203096,5.53402341290639,282.992758490426,263.19312001817,0
2018-05-02,0.0518512713136256,4.2198886345455,1.21966897119553,9.5843969079889,1.26770802427282,277.204385869905,264.039751608383,0
2018-05-03,0.518601655020698,0.537154987981677,1.69782771659209,8.95963192167755,1.61584925154517,162.886677642175,318.11159292764,1.5121253916082
2018-05-04,0.763117999476481,0.914748248304954,1.68438886498175,9.93380014493916,5.54007055843178,215.67588773591,269.116035337646,0
2018-05-05,0.759715306019501,0.15505076829811,-3.64218616212779,6.05819953431763,-3.58066313933413,262.751843853787,245.686407850216,0
2018-05-06,0.437840453222096,-0.236367570060905,-4.29924435503743,5.55111010103472,-4.80862088480874,248.207427979622,269.640241450505,0
2018-05-07,0.721453766332834,0.958118137918082,1.31754722906922,7.92625747976179,0.0253503850420926,277.145544822701,271.856099563458,0
2018-05-08,0.174074062183061,1.97638629020226,-1.36861544224942,10.2929380531098,2.11055878600201,250.296731751379,266.017134469992,0
2018-05-09,0.428485774764904,0.516187600664891,-3.19117836318288,8.95749563846784,-1.19582488795764,258.761028750523,259.084113502174,0
2018-05-10,0.59722931102819,-0.0772164881628859,-1.2402829281214,8.17140875159696,-0.531442952842513,272.049468307604,263.534641300865,0
2018-05-11,0.873246513288134,1.83784700542758,2.5357815580967,9.2760245754214,1.83080091887688,212.110394255605,291.108505823499,1.6095912852425
2018-05-12,0.889608172795401,-0.0343917928725655,-1.05046824181574,8.18931633313496,2.58291023703639,247.697672061082,275.49897379492,0
2018-05-13,0.263868012472641,-0.697831289608545,-3.04684402069716,7.72581767751483,-0.579464261912633,260.585409661753,266.215562970381,0
2018-05-14,0.31943470508372,-0.256178602676072,-1.789728367589,8.95312550672667,0.36721503030969,222.521481157979,277.776059970174,0
2018-05-15,0.53621529131308,-0.299727680895505,-1.41860693952855,8.94529143494189,1.30589759356941,215.67588773591,294.855461480703,0
2018-05-16,0.753901618906692,-0.402335595179187,-1.31034173155655,9.41286707706127,2.5774294907595,197.35766740148,316.663697419669,0
2018-05-17,0.788601455412111,0.202558257320766,-1.32729459652105,11.4890997316579,5.47437686219831,204.70746246089,311.106565855695,0
2018-05-18,0.731481544371252,0.0178489382531747,-2.28943403179341,11.6942199838486,4.94417678283311,298.428338807661,290.234983065735,0
2018-05-19,0.42088500419485,0.973169481249424,0.0375105189213013,13.5084316668301,5.8778762577046,288.515980998837,291.54459164059,0
2018-05-20,0.281613143687343,0.573787588404945,0.511982641115104,12.6642850820265,5.66483728746005,137.761961749792,317.218358967113,6.88044832882929
2018-05-21,0.83160359007651,-0.355344365266337,-2.48750318658452,9.31997996518169,4.79580350020824,213.382237820818,301.674374101206,1.18461609313124
2018-05-22,0.825375098658067,-0.91982223105076,-2.28149003789983,9.7372405913416,3.45690207966407,159.765340479724,322.321081411555,3.02239084211661
2018-05-23,0.973320430705252,0.360444109160088,-2.27440376707887,9.62912206386939,4.45029676699773,237.583938465498,296.842160923796,1.49291422887309
2018-05-24,0.600238930191909,-0.335763516175612,-1.92885501584786,10.4048296265138,4.67650568997551,195.069548370547,300.337573130906,3.20634678802976
2018-05-25,0.691309176026895,0.151287001034434,2.340959437929,9.85963143983616,6.01507093912733,210.852857222399,301.662205043443,0
2018-05-26,0.638879864070591,-0.260932352334129,1.9690541709575,11.852967227246,6.62647224861612,91.5531350663574,333.459421099388,9.15783320305153
2018-05-27,0.959245208523748,-1.26605392850658,-0.534013962230549,10.574382464868,7.67199834496252,223.911306836328,317.463639602693,0
2018-05-28,0.953243131928196,-0.359343389156553,-0.904454391146572,13.6568062566122,7.98926318690385,280.342924905742,303.567251225038,0
2018-05-29,0.692212871034102,0.0777471449220231,-1.5238703636789,15.4324926052215,6.95441223670715,307.785377505364,294.538497265884,0
2018-05-30,0.404245348592628,0.83756273465406,2.15402219445216,15.932697422979,9.13403720196527,282.042410540531,313.151157412046,0
2018-05-31,0.610227374700728,-0.0623848844182091,0.360410185011204,16.1196057367735,11.1046008949144,221.800446651283,322.42630141849,0
2019-02-01,0.988050032383053,-3.30163260675512,-2.4409814813807,-0.254530424239177,-3.00064652000232,25.7806109501925,292.232215599773,1.79244350031954
2019-02-02,0.970972180924888,-1.21912236745503,-3.74478252612062,-0.0346273958846373,-2.77315703523327,37.7971113488283,242.66996437872,0
2019-02-03,0.48161241670725,-0.147872658115372,-2.03718235702348,-5.08770388187525,-8.32699457411466,32.7020521276664,253.124533584187,1.67062011382864
2019-02-04,0.782570813892767,-0.172853077846232,0.17332317708619,-5.62802571075732,-8.31370991970962,27.9455850119095,286.208186207986,0
2019-02-05,0.980052881867519,-1.7513200033294,-0.356617826003175,-1.73172154007524,-4.16780113933776,28.5225370211029,285.568175266065,0
2019-02-06,0.957079574582796,-2.05310164775147,-1.36861544224942,-1.29161632643955,-3.69125057657987,28.4612291410096,272.82762908041,0
2019-02-07,0.946962059890949,-2.96984946730731,-0.919107266305812,-4.38735143422395,-7.33330159695191,44.3972938256882,230.119165370042,0
2019-02-08,0.650900236446153,-2.03596765424511,-0.875601247544352,-9.02376617971619,-11.4770972932309,56.0014176375352,193.079447025299,0
2019-02-09,0.585153837981678,-1.42620623053457,-0.0285002131625017,-11.7681464544696,-14.5370883575182,22.2392782447502,270.248952231928,9.84858310733973
2019-02-10,0.999905080716431,-1.30993499098624,4.67617654346506,-4.43123366855255,-6.69808606604716,29.535857160159,296.842160923796,3.20634678802976
2019-02-11,0.982531337329132,-0.207246477570644,2.1859945397221,1.33485035577283,-0.267483473367929,32.2727311619473,298.885093314578,0
2019-02-12,0.912094199552908,1.04630585351533,2.13693078707362,1.60839320837269,0.00635428706840624,45.5801293089884,278.428230667403,0
2019-02-13,0.67963407932754,0.355520433444307,0.396841900432707,0.372246066984465,-2.11896045073666,38.1045200427293,285.317960740991,0
2019-02-14,0.866003728997233,0.228480629250676,0.106727202988552,-0.976747600593925,-2.84994661592452,33.6580355896267,288.873428083944,0
2019-02-15,0.950247262418942,0.746933391235491,1.23698466314683,-0.868663319076058,-2.67486561038434,45.2992242950264,272.314243632767,0
2019-02-16,0.888664515610322,0.418066545569078,-0.978674991519768,-2.46527060791433,-5.25160589044566,70.5880632875653,224.83373528008,0
2019-02-17,0.141992093985608,-0.00393649016303434,-1.96162744816169,-4.40639571891007,-7.96946573537993,72.9110184939202,218.899726463846,0
2019-02-18,0.393612692466994,1.12488727632276,0.769751042813576,-5.83462721761614,-9.0574892035389,40.7988386255885,281.116527224322,6.75025940459473
2019-02-19,0.992057052300051,-1.08847251407741,-0.978674991519768,-3.06903788362822,-5.73956935517175,26.9027485989948,292.058296495914,8.4817752848433
2019-02-20,0.999905080716431,-3.5570206226241,-3.79173321088115,-1.97372427677207,-5.39307532850482,73.9468759971897,211.052750251376,1.23776648010474
2019-02-21,0.435151330974128,-1.44269224714426,-5.16404080453206,-10.3146321668651,-14.7903442880293,84.1570805318311,182.677485558724,0
2019-02-22,0.0554675422665809,0.283930786439643,-2.99100849923106,-10.2500636555151,-14.7510733257067,91.5531350663574,182.677485558724,0
2019-02-23,0.0129080357575912,-1.20282515545138,-3.17803094551432,-9.81531580717643,-14.104073374685,91.6354076496749,185.394239099274,0
2019-02-24,0.129370588681642,-1.68328352620154,-4.39247029148601,-9.62278439825038,-13.329649177672,92.7618483516443,192.554987152284,0
2019-02-25,0.409832210852484,-1.77715536299377,-2.22858807369225,-10.1573636405217,-13.0994102600799,54.0232668521659,248.122089208931,0
2019-02-26,0.679239246522029,-1.97062253430845,-0.506390219236228,-7.52314398361904,-10.1885235251518,78.5027397744209,230.509364555945,0
2019-02-27,0.714375323791832,-3.41160702882064,1.1499891640723,-4.74142911392858,-9.25501152668193,40.3282902051144,285.692801719608,4.50768347312374
2019-02-28,0.999335724567782,-2.79770975492434,1.29013195228675,-1.91302424614861,-5.04666435945515,24.1211050268015,304.737820089967,11.8306844590238
2019-03-01,0.99387505576989,-1.93450146255987,-1.98200350146594,1.02055123278837,-1.06554886945798,29.3370472434741,312.049076490949,7.14929995896574
2019-03-02,0.999186942741003,-2.17886741376047,0.517854074455596,2.30686287175763,0.609848788485507,45.1403203614879,302.460590843006,7.9935602323144
2019-03-03,0.995847908144242,-0.43263154332292,-2.04255405215657,2.25796265556785,0.164187145530605,67.0278300656857,272.994971063675,1.05991168444838
2019-03-04,0.545132685923081,-1.10675545423725,-1.61384054775165,0.895881291743592,-1.89441790895941,98.4009796176301,248.122089208931,0
2019-03-05,0.45124609817372,-0.17326053082891,0.0593630382277346,-0.149769462329001,-3.69661418579248,96.6413437727489,240.85581936639,0
2019-03-06,0.406826666409771,1.09759172802567,1.033881397648,-1.13433421421673,-3.99238865990686,102.124044815772,252.908807031699,0
2019-03-07,0.688371524228454,1.23684794629946,2.77668243375473,-0.732399088900848,-2.98205366865919,94.7590337971207,277.716232473418,0
2019-03-08,0.666483226471135,1.95358638064061,2.01769710084234,2.55476265095051,-0.357895991786081,125.584225078564,229.478911516211,0
2019-03-09,0.142123766823155,0.231507079378622,-1.64348719704049,0.77818851791495,-4.5670516998249,117.321808954496,218.510325295919,0
2019-03-10,0.185547868483661,-0.0481126610125506,-2.08029126892847,-2.57957081362166,-7.60469625058832,132.872559594728,206.627419469034,0
2019-03-11,0.289332571380433,-0.313311017170182,-1.35515004781932,-3.65416108890286,-8.34827407367035,132.421295996888,214.617171281828,0
2019-03-12,0.598033239078069,-1.48450524880822,0.443282545403691,-4.09038604869081,-8.12624598881998,128.98483857516,209.629196859627,0
2019-03-13,0.26665200948398,-1.10294683705719,-0.477108373361744,-5.24082672367473,-9.72864110519415,133.750454667026,202.947357567195,0
2019-03-14,0.4670390785454,-1.27968616283368,1.63120485913715,-5.89230017217064,-10.0814103085918,83.562490014286,256.437486363572,0
2019-03-15,0.774065225647798,-1.76903446821613,1.77749308169926,-2.39315752993891,-6.23182643306449,119.857363900822,239.890536763705,0
2019-03-16,0.518427387008236,-2.97640287283201,0.769751042813576,-1.85613154709431,-5.63281155918916,61.0122818223872,282.737055249788,1.26284348656319
2019-03-17,0.912997821345524,-1.8277858683124,0.587449841118512,-0.590408707579297,-3.37651103890011,142.611491909464,232.83174331956,0
2019-03-18,0.4685808609794,-0.645856857751497,0.452851484087556,-0.634647846080407,-4.17647377304842,147.717659199212,232.420637848305,0
2019-03-19,0.40469339694358,-0.323408175895706,-1.05046824181574,-0.59717503866511,-4.94362200818073,147.522009324952,234.604836188723,0
2019-03-20,0.510826024933609,-0.79702574878699,-1.24021836995754,0.333477224719109,-4.55403025975417,156.62959253139,232.738967764286,0
2019-03-21,0.0246502319447812,-1.7815534995787,-1.66186555054904,1.19957025374073,-2.9620665868097,120.962778603271,252.789752308471,0
2019-03-22,0.462607292268212,-1.46635290053662,-0.537263113991807,0.250902877603299,-3.59729194741166,93.7926634703927,275.790194107823,0
2019-03-23,0.807792882583855,0.299177335235297,2.15222595869082,-0.395903085041808,-3.46804178836243,61.3238941734081,294.815922604036,2.89035985416215
2019-03-24,0.968154549683734,0.598719619311494,3.64365534350425,1.30891697521303,-0.860573334302344,50.78851080702,313.548454066069,0
2019-03-25,0.962346113935304,-0.529839015165059,3.42447887202508,3.56371389330498,1.15314687949108,60.4981704429553,298.313690418969,0
2019-03-26,0.703785772640158,-0.170056235145454,3.06933431442875,3.05016644564422,-0.0247422576426146,145.348790995995,262.147117518998,0
2019-03-27,0.875848826904744,0.365449389490493,3.40912431007062,2.47636966908501,0.0306542020017869,105.053520504957,285.731902967072,0
2019-03-28,0.900005691891143,-0.225359263253441,4.16335767238865,2.74527729465114,0.0505840715677389,71.4569124537375,302.462696869634,0
2019-03-29,0.917107766440056,-0.424968606105175,1.73803202595847,3.19728941029762,1.08659572276791,146.27603100382,272.148809078261,0
2019-03-30,0.662168099733582,-0.697939961876649,1.68668580421746,2.83279236291431,-0.143338809984909,50.5852509279735,311.611368583909,13.0995092013958
2019-03-31,0.919820695436497,-2.77506649087347,0.727559362593532,5.41557262673063,2.69215799879675,46.2809145299164,314.953086715155,9.58069403668832
2019-04-01,0.89303587849719,-2.90185501697024,2.28969136715741,4.93812754368206,2.30178753094637,108.941460512887,290.068855153677,1.44392478858323
2019-04-02,0.970033546658432,-2.53424486182639,-1.71752485644572,3.81763634517257,0.837960661605877,60.2103268207664,301.770694739273,3.86686740673287
2019-04-03,0.992251826370427,-4.30936402159456,-2.30411843919347,3.4348461144013,0.237922668827591,141.436435853839,277.020945853948,0
2019-04-04,0.524679984458078,-3.3063254127921,-2.95630704727153,3.90279035840156,-0.51254919517474,69.3463081437799,297.54160001353,3.28301516028969
2019-04-05,0.975094018347293,-3.0214385811824,-3.84239930258057,3.13475342774223,-0.238507360731714,79.4981160337252,298.122754570377,2.29575394579125
2019-04-06,0.920294808700727,-2.19813038068749,-2.37689213049646,2.86447565356962,-0.698390233876371,171.942492153261,254.162012156762,0
2019-04-07,0.442032395688622,0.168459166131466,-0.757121780020085,1.67727226544298,-3.10399119491171,193.764560951502,244.721317538246,0
2019-04-08,0.478401161645258,-0.48545663910425,0.145762974546279,2.68678044507065,-4.94060187409984,210.641201323475,239.890536763705,0
2019-04-09,0.219091645254937,-0.888987307595876,-0.822926560694927,2.68767146714678,-3.52167366403659,220.711613661028,234.705494237972,0
2019-04-10,0.00100562876002766,0.513165344869403,-0.636272483029493,4.25143656767278,-2.67001872380847,121.463502685536,290.236468371603,2.50313851871223
2019-04-11,0.999905080716431,0.308835750815854,4.20897613929693,4.85804157672736,1.45372681274661,58.5991180629906,338.353462579023,1.76647084134055
2019-04-12,0.999905080716431,0.969032305272371,4.62668573090486,7.1775660490564,5.05774247461558,62.0796878249853,332.071848615643,3.27750906482215
2019-04-13,0.959227089424949,0.305714509329429,1.85013142335883,5.8380330263364,3.8380293629393,164.558829044231,272.85255285612,0
2019-04-14,0.349379268002918,-0.176984087306661,-2.06804027681568,5.01531172340118,-0.77536956809918,218.963280597266,248.122089208931,0
2019-04-15,0.680718228982224,-0.0460111091661622,1.65680853756509,4.13275305115952,-1.29583561633206,73.8864519561011,304.019624586689,3.88350823425034
2019-04-16,0.99711140751295,-2.42835232210912,1.34785167047418,5.12613200876549,1.6135987290257,55.1063194602756,327.7960597002,2.33179023192447
2019-04-17,0.995587817155296,-1.41916770076967,-1.61633444547722,6.01711622611664,2.59294832497858,57.9401534276147,338.585514344281,6.95092788618679
2019-04-18,0.953538366597192,-0.019178121653592,1.56832940923958,6.68303650957219,4.36837552498817,201.098920955998,276.694620482419,0
2019-04-19,0.262879842368131,1.553024866091,-1.75287745562954,7.10962797694759,0.0448989896062859,237.013748588225,243.79712927118,0
2019-04-20,0.464481181168318,1.71746194843631,-1.5028669362582,5.85246940973872,-1.90057437192726,216.133059493375,258.807577151374,0
2019-04-21,0.373482052205562,1.33697843524211,-1.74665905432519,6.35506523518116,-0.335320444953768,254.053681885998,248.401679776557,0
2019-04-22,0.366181646557294,0.982120140058652,0.150847167316662,6.30115741744729,-0.49117049775031,190.237102236976,272.085495612518,0
2019-04-23,0.665023388609339,-0.934151973367281,-2.61389651977162,6.49493691394108,0.437415555059652,178.350833729518,287.268570220496,0
2019-04-24,0.82805630710971,-0.894525965728295,-2.4666461036266,7.36750248353476,0.0448989896062859,259.185121383709,258.176298022586,0
2019-04-25,0.029069995432362,-0.48304255390472,-1.86873443336286,7.58284433677303,0.207210065149089,267.722853925425,256.033403245241,0
2019-04-26,0.057036880257735,-0.656823955639016,-1.92079831984942,8.70010341159733,0.172111150625385,270.602144968905,254.641682476252,0
2019-04-27,2.43103363991769e-05,-1.03842212695581,-1.50805664178791,8.45019599491669,0.674164119301527,250.905985532855,262.763893919781,0
2019-04-28,0.228039359706204,-2.02053020882513,-0.275259881790545,8.1275777150903,0.802362084342188,180.397937736533,279.711254376761,0
2019-04-29,0.67343144693373,-0.207395324213448,-0.900685714795847,6.80930407215817,0.457719239094955,217.01671199935,282.999295609304,0
2019-04-30,0.880627638047531,-1.91299965475722,-2.7750122137597,7.85367360940632,0.530287482912442,120.05964749287,304.893692046264,1.62337124255026
2019-05-01,0.869034279015097,-1.80645659968655,-2.23254136911516,6.22988433344592,1.70270700914267,154.281644781977,300.606699724866,0
2019-05-02,0.774071163360224,0.418066545569078,-0.687577185870933,7.58284433677303,1.8826739838776,194.620807638512,293.02509564926,0
2019-05-03,0.629184758676229,-0.320858450624722,1.381772398811,8.89746066665549,2.84943009487652,217.307725531689,281.767077704766,0
2019-05-04,0.840924355674744,-1.68666875715005,0.149573953271035,8.73075975143838,0.79972765607293,183.19844055371,294.815922604036,0
2019-05-05,0.989013071244795,-0.86832537401592,0.204437913160637,9.01306330693455,1.19572850992442,150.528735759942,300.144742419591,3.50749705000364
2019-05-06,0.905254604911342,-0.502996590552165,0.150307612381908,7.51010338078632,3.72701597323947,254.053681885998,275.384718886655,0
2019-05-07,0.318564288374939,0.49984963600421,-0.439041735819996,9.05682480433128,3.55425163276767,231.029482358914,284.955233439283,0
2019-05-08,0.673009208739392,1.18078383693464,3.13304381188591,10.0599977862485,4.36837552498817,112.188606870676,327.048151269741,7.35820653511096
2019-05-09,0.99746158190652,1.67044739766104,6.49319837562788,9.20687783710921,5.5205852409572,271.58632934821,284.089148556702,0
2019-05-10,0.244555332261989,3.77180949452334,3.2023148526722,9.85963143983616,1.9477034721893,251.072381844735,277.776059970174,0
2019-05-11,0.234410360330607,3.78523208184335,1.8317246361614,11.5449245571492,3.21981762211422,275.712960812924,267.358349867532,0
2019-05-12,0.503529416789959,2.85266459946403,0.327423557162169,11.0922594927654,1.65474612089115,253.301671201561,286.367324124515,0
2019-05-13,0.626614074519102,0.581791088106038,-0.666330553529762,11.3648235680369,2.2087566954676,211.095150366635,294.773232940069,0
2019-05-14,0.794891620746431,-0.93307311666811,3.2747523733998,10.5864324786046,3.73471293562496,120.009509687162,332.096401290651,2.27422767300269
2019-05-15,0.9903383154026,0.386003364810458,1.50273816499875,10.1114561645478,5.63519384934533,158.051748495891,316.006082013829,2.37094680115302
2019-05-16,0.919820695436497,1.15646221168686,0.287067582032043,9.26742179647717,3.44658133640158,175.565735648485,301.788372746521,8.25926090572802
2019-05-17,0.765333672703241,-0.112321026139955,3.36646923008758,8.59893559387709,4.99811033854205,203.233028580278,291.939352532789,2.92928464003617
2019-05-18,0.720117448306379,0.238926749840624,2.53651958995957,8.56514959403274,4.44293152573965,219.658927720859,284.145794855441,2.61246898525368
2019-05-19,0.528545759393175,1.63377272459227,3.64998088731914,8.88197636144408,3.66859704585319,267.684177785057,267.437607146531,1.71666998139274
2019-05-20,0.343975136086298,1.22230833642753,3.97256113599817,9.09808214514333,3.11272116538239,252.232464581067,280.221049108766,0
2019-05-21,0.633753337767851,1.39987722308901,3.71168921547474,9.97434358199217,4.92253115264676,273.872446982366,281.637082134154,0
2019-05-22,0.546836319196654,1.58384646636218,3.06756125890987,9.96794000268385,4.79704872117141,293.850774779786,277.916189150406,0
2019-05-23,0.229371841498152,0.707655043556405,-0.124540191670634,11.8946439635333,4.74893280499688,251.072381844735,285.455208527212,0
2019-05-24,0.294540860778256,0.305682761876121,0.297092616952639,11.9633949514741,4.9935704283129,283.44826829301,291.05856177795,0
2019-05-25,0.275713938406386,0.490080255288559,1.3306512733768,13.8961121715205,6.75920263424112,164.282483139395,319.289710269189,0
2019-05-26,0.73141455081045,-1.29612337654608,-0.473193558309645,12.7898726158242,5.99419546723501,163.76294546577,319.200844252976,8.01530171087264
2019-05-27,0.88099959111541,-0.745485617949983,0.312488692784494,12.0855675899291,7.8225079714747,151.276207624255,331.333585612217,7.99243802968063
2019-05-28,0.825805228472945,-1.57664950885874,-2.12992921224131,11.4032444721515,7.66837238314302,64.0245154150966,342.729657766023,10.4887850076336
2019-05-29,0.994836692705184,-1.69593641371495,-3.28355183123991,9.2881667392912,6.8031103115587,101.488221893706,343.968201991323,19.3054446992843
2019-05-30,0.98502390579155,-1.85720715525997,-1.90815017754242,10.4094114691417,7.55493171856791,158.192734319618,315.161354178083,7.93510204104951
2019-05-31,0.652803451772807,1.08306948577176,3.33166197741693,10.1530354491271,5.79469152782714,197.041645003765,301.618990616391,3.56847786192743
